143 18 0 54 71
143 18 4 153 170
143 24 9 268 291
143 27 2 362 388
143 33 12 464 496
143 17 8 553 569
143 32 13 649 680
143 27 1 758 784
143 28 14 871 898
143 34 6 959 992
143 36 10 1063 1098
143 25 5 1160 1184
143 23 11 1280 1302
143 29 7 1356 1384
143 38 3 1460 1497
144 11 4 39 49
144 22 14 153 174
144 16 5 254 269
144 21 7 360 380
144 26 8 460 485
144 28 10 556 583
144 19 13 645 663
144 33 2 753 785
144 29 11 880 908
144 27 1 958 984
144 20 9 1057 1076
144 36 0 1146 1181
144 31 6 1256 1286
144 26 12 1345 1370
144 30 3 1447 1476
145 21 5 54 74
145 31 12 151 181
145 31 3 256 286
145 24 1 384 407
145 27 4 459 485
145 25 14 561 585
145 35 13 648 682
145 34 0 750 783
145 31 10 866 896
145 29 11 949 977
145 34 6 1043 1076
145 27 2 1158 1184
145 30 7 1265 1294
145 35 9 1359 1393
145 28 8 1451 1478
146 24 9 65 88
146 24 1 162 185
146 36 3 251 286
146 39 4 358 396
146 37 12 456 492
146 34 2 568 601
146 36 14 667 702
146 35 13 760 794
146 32 8 860 891
146 35 11 966 1000
146 34 7 1049 1082
146 24 5 1153 1176
146 37 6 1247 1283
146 31 10 1351 1381
146 40 0 1453 1492
147 23 8 50 72
147 40 3 151 190
147 35 13 245 279
147 25 10 358 382
147 31 2 448 478
147 34 6 544 577
147 20 0 651 670
147 31 5 747 777
147 33 7 853 885
147 30 1 955 984
147 40 14 1052 1091
147 38 4 1156 1193
147 34 9 1265 1298
147 35 11 1350 1384
147 32 12 1447 1478
148 31 11 48 78
148 35 12 145 179
148 31 5 246 276
148 31 13 342 372
148 25 10 461 485
148 33 14 553 585
148 15 8 680 694
148 38 6 762 799
148 39 3 851 889
148 36 7 954 989
148 33 0 1053 1085
148 30 2 1157 1186
148 30 9 1269 1298
148 37 1 1364 1400
148 37 4 1455 1491
149 33 12 46 78
149 20 14 153 172
149 37 5 242 278
149 30 8 352 381
149 33 7 448 480
149 30 1 566 595
149 35 10 660 694
149 32 0 752 783
149 34 9 859 892
149 35 13 949 983
149 35 6 1060 1094
149 39 4 1149 1187
149 29 11 1258 1286
149 33 2 1353 1385
149 35 3 1452 1486
150 27 1 49 75
150 28 0 147 174
150 34 3 244 277
150 29 4 345 373
150 27 5 440 466
150 27 10 555 581
150 30 13 639 668
150 28 12 744 771
150 31 2 860 890
150 28 14 952 979
150 43 8 1048 1090
150 34 9 1150 1183
150 29 7 1253 1281
150 35 6 1351 1385
150 34 11 1457 1490
151 30 8 50 79
151 31 2 154 184
151 32 0 251 282
151 29 10 357 385
151 33 6 442 474
151 35 14 548 582
151 41 12 647 687
151 36 13 741 776
151 32 3 856 887
151 29 1 965 993
151 45 7 1051 1095
151 27 11 1179 1205
151 42 4 1255 1296
151 42 9 1364 1405
151 46 5 1450 1495
152 32 2 55 86
152 25 11 150 174
152 30 0 247 276
152 25 8 360 384
152 29 3 460 488
152 36 6 552 587
152 33 5 648 680
152 29 14 763 791
152 33 10 862 894
152 40 9 959 998
152 36 13 1044 1079
152 38 12 1143 1180
152 34 4 1252 1285
152 34 1 1363 1396
152 39 7 1457 1495
153 31 8 50 80
153 23 9 165 187
153 34 7 245 278
153 38 14 350 387
153 37 12 451 487
153 32 2 559 590
153 38 5 653 690
153 39 10 762 800
153 37 4 859 895
153 38 0 963 1000
153 40 1 1057 1096
153 44 3 1159 1202
153 31 6 1253 1283
153 37 13 1342 1378
153 27 11 1450 1476
154 19 5 57 75
154 38 12 151 188
154 31 0 248 278
154 36 13 345 380
154 31 10 465 495
154 37 3 551 587
154 26 1 664 689
154 35 9 759 793
154 32 11 873 904
154 32 4 954 985
154 38 2 1060 1097
154 30 14 1162 1191
154 41 7 1248 1288
154 36 6 1342 1377
154 27 8 1455 1481
155 28 1 38 65
155 36 0 140 175
155 32 13 241 272
155 29 3 345 373
155 35 6 443 477
155 35 7 534 568
155 43 8 640 682
155 30 14 751 780
155 39 5 840 878
155 40 10 954 993
155 25 2 1046 1070
155 30 9 1150 1179
155 31 11 1245 1275
155 40 4 1349 1388
155 28 12 1441 1468
156 35 12 44 78
156 28 9 175 202
156 35 0 243 277
156 32 3 353 384
156 36 7 450 485
156 36 1 550 585
156 38 4 657 694
156 33 13 742 774
156 30 10 883 912
156 44 8 960 1003
156 43 6 1044 1086
156 36 5 1149 1184
156 40 14 1246 1285
156 38 11 1349 1386
156 43 2 1456 1498
157 38 3 31 68
157 35 5 144 178
157 29 9 263 291
157 34 10 342 375
157 33 7 448 480
157 45 8 544 588
157 34 11 652 685
157 33 13 737 769
157 30 6 851 880
157 41 0 947 987
157 32 14 1046 1077
157 57 2 1152 1208
157 27 1 1247 1273
157 36 12 1341 1376
157 51 4 1448 1498
158 28 9 47 74
158 28 14 135 162
158 41 8 239 279
158 29 3 342 370
158 24 4 436 459
158 13 6 552 564
158 36 1 646 681
158 32 5 747 778
158 30 12 849 878
158 36 13 936 971
158 37 10 1054 1090
158 36 7 1151 1186
158 35 11 1240 1274
158 35 2 1350 1384
158 46 0 1440 1485
159 38 13 36 73
159 28 8 155 182
159 41 7 247 287
159 28 11 352 379
159 23 9 458 480
159 31 1 546 576
159 32 5 646 677
159 28 14 747 774
159 31 3 842 872
159 33 12 943 975
159 48 2 1048 1095
159 53 4 1143 1195
159 39 10 1246 1284
159 44 6 1340 1383
159 21 0 1445 1465
160 32 10 42 73
160 34 7 164 197
160 26 5 246 271
160 29 2 347 375
160 28 11 439 466
160 21 9 542 562
160 23 0 643 665
160 38 6 745 782
160 25 14 846 870
160 41 8 943 983
160 49 13 1029 1077
160 32 1 1140 1171
160 39 4 1244 1282
160 33 3 1346 1378
160 25 12 1448 1472
161 36 12 42 77
161 37 0 142 178
161 19 11 244 262
161 32 6 345 376
161 30 3 441 470
161 21 8 549 569
161 18 14 646 663
161 29 9 752 780
161 39 13 834 872
161 29 2 950 978
161 41 4 1044 1084
161 33 1 1148 1180
161 40 7 1246 1285
161 24 10 1351 1374
161 36 5 1438 1473
162 21 1 42 62
162 28 12 140 167
162 29 14 242 270
162 31 10 350 380
162 29 8 450 478
162 37 6 540 576
162 24 9 651 674
162 34 2 745 778
162 38 13 839 876
162 41 7 947 987
162 27 5 1039 1065
162 24 11 1136 1159
162 24 4 1240 1263
162 35 3 1337 1371
162 44 0 1441 1484
163 19 0 40 58
163 30 2 140 169
163 32 12 242 273
163 25 11 339 363
163 33 8 443 475
163 39 14 541 579
163 29 1 647 675
163 38 5 743 780
163 31 10 842 872
163 39 4 942 980
163 28 9 1047 1074
163 34 7 1146 1179
163 41 6 1243 1283
163 36 3 1340 1375
163 46 13 1443 1488
164 29 9 45 73
164 20 5 137 156
164 32 7 246 277
164 28 10 349 376
164 27 1 443 469
164 33 6 540 572
164 27 8 645 671
164 32 13 733 764
164 21 4 844 864
164 37 2 946 982
164 31 0 1045 1075
164 33 3 1135 1167
164 34 14 1237 1270
164 25 11 1339 1363
164 35 12 1440 1474
165 28 10 47 74
165 36 12 135 170
165 23 9 250 272
165 35 7 343 377
165 41 14 442 482
165 39 8 542 580
165 22 11 643 664
165 30 3 741 770
165 37 2 851 887
165 40 13 939 978
165 36 0 1050 1085
165 39 5 1144 1182
165 45 6 1243 1287
165 42 1 1342 1383
165 36 4 1455 1490
166 37 13 32 68
166 39 7 139 177
166 34 11 239 272
166 39 1 340 378
166 35 12 449 483
166 27 9 554 580
166 36 14 642 677
166 34 8 740 773
166 28 4 847 874
166 41 6 942 982
166 37 3 1038 1074
166 46 2 1156 1201
166 30 10 1250 1279
166 29 0 1345 1373
166 27 5 1437 1463
173 15 5 45 59
173 29 12 141 169
173 24 4 238 261
173 21 8 345 365
173 25 2 441 465
173 19 9 539 557
173 16 10 635 650
173 28 7 742 769
173 28 13 836 863
173 28 3 960 987
173 19 1 1046 1064
173 28 6 1140 1167
173 15 11 1245 1259
173 26 14 1345 1370
173 16 0 1447 1462
174 11 9 39 49
174 29 12 131 159
174 14 14 244 257
174 27 13 332 358
174 10 1 435 444
174 17 10 538 554
174 23 2 647 669
174 22 4 748 769
174 36 7 838 873
174 23 11 950 972
174 16 5 1034 1049
174 34 3 1137 1170
174 21 0 1242 1262
174 28 8 1351 1378
174 21 6 1442 1462
175 34 13 54 87
175 20 14 152 171
175 28 11 249 276
175 36 6 349 384
175 22 8 457 478
175 29 2 562 590
175 25 5 660 684
175 26 10 752 777
175 41 12 847 887
175 24 9 852 875
175 20 1 1055 1074
175 36 3 1150 1185
175 27 4 1254 1280
175 41 7 1350 1390
175 24 0 1460 1483
176 47 0 57 103
176 27 9 153 179
176 27 2 251 277
176 37 7 349 385
176 27 4 449 475
176 36 12 540 575
176 31 8 650 680
176 37 13 745 781
176 21 1 851 871
176 18 10 943 960
176 36 14 1050 1085
176 39 3 1160 1198
176 21 5 1278 1298
176 19 11 1357 1375
176 35 6 1445 1479
177 25 3 62 86
177 20 14 156 175
177 20 9 248 267
177 17 0 340 356
177 16 1 447 462
177 41 13 541 581
177 30 6 643 672
177 19 2 754 772
177 24 8 847 870
177 25 4 945 969
177 33 12 1051 1083
177 23 10 1149 1171
177 17 11 1251 1267
177 37 7 1366 1402
177 18 5 1456 1473
178 63 7 28 90
178 25 2 154 178
178 35 8 245 279
178 22 9 344 365
178 30 4 441 470
178 35 12 547 581
178 18 10 648 665
178 17 0 757 773
178 34 13 842 875
178 30 14 946 975
178 35 6 1043 1077
178 30 3 1144 1173
178 21 1 1248 1268
178 21 11 1349 1369
178 24 5 1446 1469
179 18 5 48 65
179 29 12 145 173
179 33 7 250 282
179 23 4 347 369
179 33 13 439 471
179 20 8 549 568
179 35 6 641 675
179 23 0 741 763
179 23 1 843 865
179 18 14 956 973
179 26 2 1055 1080
179 25 11 1149 1173
179 15 9 1247 1261
179 35 3 1345 1379
179 24 10 1442 1465
180 28 7 58 85
180 20 2 151 170
180 36 3 244 279
180 14 10 361 374
180 15 1 446 460
180 34 6 544 577
180 18 11 658 675
180 27 9 755 781
180 34 12 857 890
180 26 8 943 968
180 24 4 1042 1065
180 33 13 1147 1179
180 27 14 1248 1274
180 33 5 1347 1379
180 24 0 1449 1472
181 18 10 41 58
181 33 12 143 175
181 27 3 245 271
181 32 6 342 373
181 20 14 449 468
181 16 9 550 565
181 20 5 643 662
181 18 1 747 764
181 33 7 848 880
181 31 13 938 968
181 22 11 1046 1067
181 20 8 1150 1169
181 20 0 1250 1269
181 21 4 1350 1370
181 27 2 1461 1487
182 32 13 39 70
182 33 7 144 176
182 30 3 245 274
182 17 1 347 363
182 32 12 445 476
182 31 6 537 567
182 17 4 643 659
182 29 5 743 771
182 31 8 852 882
182 29 0 950 978
182 32 14 1049 1080
182 29 11 1146 1174
182 20 9 1256 1275
182 18 10 1350 1367
182 30 2 1456 1485
183 30 7 68 97
183 31 6 142 172
183 18 4 245 262
183 24 0 340 363
183 24 8 447 470
183 38 12 547 584
183 23 1 649 671
183 18 9 753 770
183 21 10 843 863
183 29 3 940 968
183 25 11 1041 1065
183 28 2 1149 1176
183 35 13 1240 1274
183 23 5 1348 1370
183 27 14 1450 1476
184 33 6 46 78
184 33 3 145 177
184 25 1 241 265
184 33 0 344 376
184 37 8 452 488
184 19 11 561 579
184 32 13 644 675
184 21 10 745 765
184 35 7 856 890
184 29 4 955 983
184 15 2 1081 1095
184 27 12 1170 1196
184 48 14 1236 1283
184 38 5 1357 1394
184 25 9 1467 1491
185 16 1 47 62
185 23 8 150 172
185 23 0 249 271
185 31 3 349 379
185 24 4 468 491
185 34 6 548 581
185 34 7 641 674
185 16 11 757 772
185 28 13 849 876
185 14 14 967 980
185 18 5 1055 1072
185 22 9 1170 1191
185 27 2 1264 1290
185 29 12 1373 1401
185 24 10 1464 1487
186 23 4 43 65
186 28 2 146 173
186 40 7 239 278
186 29 12 347 375
186 33 13 435 467
186 28 11 545 572
186 27 5 649 675
186 20 9 746 765
186 27 14 845 871
186 26 8 946 971
186 29 0 1043 1071
186 25 10 1144 1168
186 20 1 1252 1271
186 33 3 1347 1379
186 32 6 1447 1478
187 36 6 42 77
187 34 3 147 180
187 25 2 250 274
187 29 12 350 378
187 25 1 446 470
187 29 0 544 572
187 34 7 639 672
187 32 13 738 769
187 21 9 848 868
187 34 4 946 979
187 33 5 1045 1077
187 34 14 1145 1178
187 15 10 1253 1267
187 23 11 1345 1367
187 30 8 1445 1474
188 16 8 49 64
188 32 12 150 181
188 29 7 250 278
188 22 4 350 371
188 21 11 446 466
188 28 10 549 576
188 33 5 643 675
188 17 9 749 765
188 33 6 843 875
188 41 3 944 984
188 40 13 1034 1073
188 29 0 1148 1176
188 36 2 1245 1280
188 38 1 1343 1380
188 30 14 1451 1480
189 30 13 44 73
189 30 8 143 172
189 31 12 244 274
189 34 1 338 371
189 33 2 453 485
189 26 7 538 563
189 26 9 638 663
189 23 10 746 768
189 23 5 846 868
189 28 14 946 973
189 23 11 1045 1067
189 37 4 1142 1178
189 31 6 1246 1276
189 33 0 1346 1378
189 36 3 1443 1478
190 25 2 45 69
190 36 14 140 175
190 28 5 245 272
190 36 13 340 375
190 23 10 450 472
190 27 1 546 572
190 36 12 643 678
190 30 0 741 770
190 30 3 837 866
190 34 11 943 976
190 36 6 1037 1072
190 38 7 1138 1175
190 29 4 1245 1273
190 13 9 1351 1363
190 34 8 1444 1477
191 17 10 50 66
191 31 11 140 170
191 31 13 240 270
191 33 6 336 368
191 26 4 443 468
191 24 9 550 573
191 35 7 644 678
191 35 12 746 780
191 40 3 845 884
191 43 8 944 986
191 33 1 1043 1075
191 36 5 1140 1175
191 36 2 1245 1280
191 29 14 1348 1376
191 25 0 1446 1470
192 37 13 35 71
192 38 3 140 177
192 40 14 241 280
192 40 7 340 379
192 37 0 446 482
192 38 6 540 577
192 36 2 650 685
192 37 12 746 782
192 37 4 844 880
192 42 8 944 985
192 41 11 1050 1090
192 22 1 1147 1168
192 19 9 1252 1270
192 26 5 1346 1371
192 31 10 1445 1475
193 23 0 42 64
193 35 5 135 169
193 35 4 241 275
193 37 11 341 377
193 39 13 441 479
193 30 9 550 579
193 41 12 643 683
193 32 1 744 775
193 39 3 841 879
193 37 14 945 981
193 35 7 1042 1076
193 15 10 1161 1175
193 35 6 1237 1271
193 36 8 1342 1377
193 31 2 1446 1476
194 30 2 40 69
194 34 13 138 171
194 33 7 244 276
194 39 12 344 382
194 23 9 447 469
194 37 10 542 578
194 38 11 645 682
194 34 14 744 777
194 35 6 840 874
194 26 0 950 975
194 29 5 1050 1078
194 29 1 1146 1174
194 31 4 1242 1272
194 28 8 1349 1376
194 36 3 1443 1478
195 17 14 50 66
195 34 5 140 173
195 31 9 250 280
195 29 8 346 374
195 35 11 445 479
195 30 2 545 574
195 32 6 635 666
195 24 1 747 770
195 36 0 844 879
195 36 7 943 978
195 33 3 1048 1080
195 39 12 1150 1188
195 30 4 1253 1282
195 17 10 1361 1377
195 34 13 1446 1479
196 35 13 42 76
196 36 3 149 184
196 36 2 251 286
196 25 1 354 378
196 35 7 455 489
196 30 11 553 582
196 28 10 653 680
196 33 0 751 783
196 31 6 840 870
196 28 4 950 977
196 23 9 1047 1069
196 31 5 1151 1181
196 40 12 1246 1285
196 28 14 1355 1382
196 35 8 1446 1480
243 25 3 41 65
243 21 14 140 160
243 24 12 243 266
243 31 9 340 370
243 23 10 444 466
243 47 6 551 597
243 58 13 641 698
243 33 2 740 772
243 37 7 839 875
243 43 5 947 989
243 37 11 1041 1077
243 35 4 1143 1177
243 39 8 1243 1281
243 42 1 1347 1388
243 44 0 1443 1486
244 28 13 43 70
244 25 5 136 160
244 29 3 243 271
244 21 0 343 363
244 55 7 438 492
244 41 6 544 584
244 36 14 641 676
244 30 2 740 769
244 34 1 841 874
244 41 9 948 988
244 35 11 1048 1082
244 37 4 1142 1178
244 52 8 1248 1299
244 26 12 1345 1370
244 46 10 1442 1487
245 33 0 42 74
245 24 11 142 165
245 27 9 234 260
245 23 2 337 359
245 39 6 437 475
245 32 8 550 581
245 30 14 639 668
245 31 5 740 770
245 27 3 843 869
245 36 4 936 971
245 21 12 1036 1056
245 28 10 1136 1163
245 39 7 1233 1271
245 31 13 1331 1361
245 30 1 1438 1467
246 32 12 42 73
246 48 0 143 190
246 29 9 235 263
246 30 3 330 359
246 36 14 438 473
246 57 10 537 593
246 46 1 648 693
246 48 6 752 799
246 30 7 832 861
246 35 2 936 970
246 39 13 1029 1067
246 13 4 1153 1165
246 54 8 1240 1293
246 40 5 1338 1377
246 49 11 1436 1484
247 34 8 39 72
247 36 13 124 159
247 29 3 237 265
247 34 0 347 380
247 23 1 442 464
247 48 10 553 600
247 37 2 637 673
247 44 9 732 775
247 47 4 836 882
247 35 6 936 970
247 39 14 1039 1077
247 37 7 1141 1177
247 28 12 1240 1267
247 35 11 1334 1368
247 45 5 1439 1483
252 30 9 50 79
252 21 12 139 159
252 38 2 244 281
252 35 13 337 371
252 33 7 438 470
252 51 5 545 595
252 32 0 644 675
252 39 10 734 772
252 40 11 838 877
252 26 3 949 974
252 43 6 1038 1080
252 34 14 1151 1184
252 51 8 1241 1291
252 44 4 1340 1383
252 45 1 1443 1487
253 31 14 46 76
253 29 8 142 170
253 29 11 241 269
253 34 10 353 386
253 32 13 431 462
253 23 1 549 571
253 37 5 644 680
253 32 3 738 769
253 22 12 835 856
253 27 2 949 975
253 43 9 1045 1087
253 36 4 1146 1181
253 35 0 1251 1285
253 33 6 1343 1375
253 25 7 1428 1452
254 23 9 54 76
254 21 13 137 157
254 44 2 245 288
254 35 5 345 379
254 43 1 444 486
254 36 3 536 571
254 56 8 641 696
254 39 11 742 780
254 43 10 838 880
254 41 7 943 983
254 36 6 1048 1083
254 48 0 1152 1199
254 45 14 1252 1296
254 21 12 1340 1360
254 39 4 1441 1479
255 22 14 49 70
255 40 6 142 181
255 36 7 240 275
255 30 5 342 371
255 33 9 444 476
255 34 10 542 575
255 39 8 643 681
255 44 1 743 786
255 26 13 841 866
255 24 3 942 965
255 30 0 1047 1076
255 36 11 1145 1180
255 22 12 1239 1260
255 43 4 1337 1379
255 44 2 1449 1492
256 26 8 44 69
256 28 3 141 168
256 17 1 244 260
256 35 2 341 375
256 34 11 440 473
256 31 13 539 569
256 26 6 651 676
256 41 4 736 776
256 52 14 839 890
256 25 12 945 969
256 37 9 1052 1088
256 48 5 1148 1195
256 43 10 1243 1285
256 48 7 1344 1391
256 36 0 1454 1489
257 30 3 48 77
257 37 7 152 188
257 26 2 245 270
257 39 8 358 396
257 32 5 447 478
257 34 6 540 573
257 30 4 648 677
257 29 0 755 783
257 32 10 858 889
257 41 9 943 983
257 34 13 1037 1070
257 56 14 1139 1194
257 23 12 1240 1262
257 34 11 1345 1378
257 45 1 1455 1499
258 45 7 43 87
258 36 6 140 175
258 21 14 245 265
258 21 12 340 360
258 30 0 441 470
258 37 4 547 583
258 34 9 652 685
258 39 10 742 780
258 30 13 838 867
258 33 5 946 978
258 47 8 1044 1090
258 29 3 1142 1170
258 56 2 1242 1297
258 46 1 1353 1398
258 48 11 1445 1492
1 31 12 54 84
1 24 11 145 168
1 33 4 241 273
1 31 1 341 371
1 24 2 456 479
1 32 8 544 575
1 33 14 645 677
1 39 7 747 785
1 22 0 857 878
1 39 13 950 988
1 34 3 1036 1069
1 20 5 1145 1164
1 24 9 1250 1273
1 28 10 1343 1370
1 40 6 1447 1486
2 22 11 40 61
2 26 5 137 162
2 40 3 245 284
2 28 8 341 368
2 25 14 450 474
2 30 4 546 575
2 37 12 650 686
2 22 1 739 760
2 28 10 844 871
2 34 6 948 981
2 25 9 1047 1071
2 29 0 1150 1178
2 37 13 1245 1281
2 43 7 1351 1393
2 26 2 1462 1487
25 34 13 50 83
25 30 8 145 174
25 25 9 252 276
25 25 0 352 376
25 31 2 448 478
25 45 3 543 587
25 28 4 648 675
25 45 6 747 791
25 23 14 849 871
25 34 12 950 983
25 40 7 1043 1082
25 21 5 1152 1172
25 130 1 1151 1280
25 29 10 1352 1380
25 32 11 1453 1484
26 25 11 52 76
26 28 8 147 174
26 32 12 249 280
26 39 7 352 390
26 29 0 447 475
26 18 10 553 570
26 29 3 652 680
26 34 2 744 777
26 33 13 849 881
26 27 4 946 972
26 21 14 1050 1070
26 27 5 1152 1178
26 21 1 1253 1273
26 26 9 1350 1375
26 40 6 1447 1486
29 22 4 52 73
29 41 3 148 188
29 21 14 256 276
29 24 9 351 374
29 26 10 445 470
29 31 5 545 575
29 26 12 645 670
29 39 7 746 784
29 26 0 845 870
29 29 13 950 978
29 28 2 1056 1083
29 41 6 1144 1184
29 31 8 1247 1277
29 29 11 1352 1380
29 30 1 1445 1474
30 18 10 58 75
30 39 6 149 187
30 28 12 247 274
30 28 13 348 375
30 24 4 445 468
30 26 11 550 575
30 28 5 645 672
30 31 2 752 782
30 39 3 851 889
30 24 14 951 974
30 41 7 1054 1094
30 28 1 1158 1185
30 28 0 1250 1277
30 24 8 1352 1375
30 29 9 1450 1478
33 21 5 38 58
33 22 14 142 163
33 30 0 242 271
33 26 10 350 375
33 23 8 445 467
33 37 3 542 578
33 25 11 648 672
33 32 13 746 777
33 37 6 844 880
33 29 2 948 976
33 41 7 1042 1082
33 29 12 1148 1176
33 28 1 1240 1267
33 30 9 1346 1375
33 31 4 1445 1475
34 22 0 46 67
34 31 4 140 170
34 34 12 243 276
34 41 7 346 386
34 23 14 447 469
34 22 2 550 571
34 26 1 645 670
34 35 10 745 779
34 32 5 845 876
34 27 9 947 973
34 29 11 1045 1073
34 42 6 1144 1185
34 29 8 1246 1274
34 35 13 1345 1379
34 33 3 1453 1485
139 34 7 41 74
139 33 2 144 176
139 27 4 245 271
139 27 1 341 367
139 23 9 447 469
139 24 11 543 566
139 41 6 641 681
139 31 13 739 769
139 28 14 840 867
139 29 5 940 968
139 50 12 1043 1092
139 24 8 1148 1171
139 20 0 1244 1263
139 19 10 1347 1365
139 33 3 1443 1475
140 38 3 39 76
140 20 0 141 160
140 21 1 244 264
140 33 13 340 372
140 41 12 440 480
140 21 2 546 566
140 22 11 642 663
140 25 10 741 765
140 26 8 840 865
140 23 5 949 971
140 44 7 1045 1088
140 25 4 1149 1173
140 31 14 1246 1276
140 41 6 1348 1388
140 17 9 1452 1468
141 15 14 43 57
141 21 4 142 162
141 17 10 245 261
141 45 6 337 381
141 19 8 445 463
141 29 0 537 565
141 24 2 642 665
141 24 5 743 766
141 19 9 851 869
141 36 12 945 980
141 33 13 1038 1070
141 21 1 1138 1158
141 39 7 1238 1276
141 38 3 1340 1377
141 19 11 1450 1468
142 36 12 40 75
142 24 0 150 173
142 20 9 256 275
142 18 8 348 365
142 22 11 451 472
142 25 2 549 573
142 42 7 640 681
142 39 3 740 778
142 27 14 844 870
142 14 1 950 963
142 21 5 1048 1068
142 38 13 1140 1177
142 28 4 1244 1271
142 20 10 1349 1368
142 51 6 1442 1492
23 43 14 64 106
23 24 2 170 193
23 22 8 260 281
23 25 9 365 389
23 37 7 465 501
23 39 6 557 595
23 20 5 660 679
23 23 0 755 777
23 23 10 860 882
23 20 11 953 972
23 39 12 1050 1088
23 26 4 1148 1173
23 39 13 1252 1290
23 38 3 1363 1400
23 28 1 1460 1487
24 42 6 70 111
24 39 7 161 199
24 22 5 247 268
24 20 2 350 369
24 24 4 450 473
24 23 11 545 567
24 25 8 647 671
24 20 0 749 768
24 26 1 855 880
24 19 9 958 976
24 42 3 1054 1095
24 45 12 1162 1206
24 25 10 1260 1284
24 23 14 1360 1382
24 28 13 1468 1495
27 28 0 63 90
27 18 9 173 190
27 32 12 257 288
27 20 4 348 367
27 36 6 455 490
27 31 7 555 585
27 25 8 660 684
27 24 1 752 775
27 24 14 855 878
27 23 5 954 976
27 40 3 1056 1095
27 20 10 1179 1198
27 32 13 1265 1296
27 25 11 1368 1392
27 23 2 1453 1475
28 10 10 63 72
28 16 2 150 165
28 39 6 244 282
28 35 3 353 387
28 22 4 450 471
28 20 11 555 574
28 26 8 650 675
28 32 14 752 783
28 28 5 855 882
28 27 1 959 985
28 30 12 1064 1093
28 20 9 1163 1182
28 36 13 1260 1295
28 43 7 1358 1400
28 18 0 1461 1478
205 26 11 45 70
205 46 3 145 190
205 60 0 236 295
205 41 7 346 386
205 19 10 455 473
205 26 2 547 572
205 37 6 642 678
205 26 4 744 769
205 35 13 860 894
205 42 12 953 994
205 13 9 1060 1072
205 23 14 1145 1167
205 24 8 1248 1271
205 24 5 1346 1369
205 21 1 1452 1472
206 33 13 57 89
206 40 6 149 188
206 42 3 251 292
206 21 11 348 368
206 31 2 443 473
206 26 10 543 568
206 26 8 643 668
206 29 14 745 773
206 43 7 841 883
206 22 0 962 983
206 44 12 1058 1101
206 23 1 1157 1179
206 23 4 1248 1270
206 24 9 1351 1374
206 26 5 1449 1474
207 27 10 58 84
207 21 2 155 175
207 29 8 244 272
207 34 11 342 375
207 36 13 452 487
207 29 1 555 583
207 33 4 653 685
207 38 14 751 788
207 49 3 845 893
207 33 5 951 983
207 41 0 1047 1087
207 44 6 1147 1190
207 51 7 1245 1295
207 43 12 1352 1394
207 28 9 1456 1483
208 18 14 49 66
208 38 3 144 181
208 18 2 252 269
208 44 6 341 384
208 29 11 450 478
208 34 10 545 578
208 49 7 642 690
208 30 9 751 780
208 30 4 850 879
208 38 13 952 989
208 27 5 1046 1072
208 31 0 1141 1171
208 31 8 1248 1278
208 31 1 1345 1375
208 34 12 1442 1475
93 58 6 51 108
93 16 9 162 177
93 16 8 247 262
93 20 4 339 358
93 40 7 444 483
93 19 5 547 565
93 26 2 650 675
93 28 13 763 790
93 19 1 858 876
93 27 11 947 973
93 24 10 1055 1078
93 42 3 1148 1189
93 26 0 1255 1280
93 31 14 1350 1380
93 39 12 1457 1495
94 45 7 51 95
94 17 10 158 174
94 18 9 250 267
94 37 3 347 383
94 33 13 458 490
94 22 14 551 572
94 20 5 643 662
94 21 8 748 768
94 22 1 846 867
94 47 12 951 997
94 45 6 1057 1101
94 20 2 1158 1177
94 30 4 1244 1273
94 27 11 1350 1376
94 25 0 1449 1473
95 15 11 65 79
95 39 7 147 185
95 27 12 259 285
95 18 0 347 364
95 20 8 445 464
95 31 1 545 575
95 21 4 652 672
95 20 10 761 780
95 33 13 853 885
95 37 3 958 994
95 15 9 1060 1074
95 24 14 1143 1166
95 19 2 1253 1271
95 40 6 1356 1395
95 19 5 1467 1485
96 17 5 51 67
96 17 2 153 169
96 45 3 246 290
96 25 10 350 374
96 32 12 449 480
96 25 1 548 572
96 37 0 645 681
96 31 14 751 781
96 47 6 843 889
96 30 13 960 989
96 43 7 1059 1101
96 25 4 1160 1184
96 24 9 1254 1277
96 27 11 1353 1379
96 27 8 1445 1471
41 20 1 41 60
41 37 2 147 183
41 25 8 248 272
41 31 4 346 376
41 26 0 445 470
41 41 3 537 577
41 36 7 643 678
41 20 10 748 767
41 26 11 842 867
41 39 12 945 983
41 34 6 1036 1069
41 26 5 1142 1167
41 37 13 1234 1270
41 21 9 1347 1367
41 21 14 1441 1461
42 31 6 47 77
42 17 8 140 156
42 15 14 245 259
42 16 1 343 358
42 19 11 442 460
42 42 12 550 591
42 24 10 646 669
42 15 4 746 760
42 21 5 843 863
42 23 2 948 970
42 24 9 1042 1065
42 35 13 1133 1167
42 37 7 1248 1284
42 49 3 1339 1387
42 20 0 1446 1465
43 15 2 58 72
43 22 5 144 165
43 37 13 238 274
43 36 6 338 373
43 21 4 440 460
43 19 11 539 557
43 39 3 637 675
43 41 12 740 780
43 20 14 838 857
43 19 10 944 962
43 20 8 1043 1062
43 27 9 1137 1163
43 23 1 1240 1262
43 27 7 1351 1377
43 19 0 1438 1456
44 25 2 50 74
44 43 6 151 193
44 23 4 248 270
44 24 0 343 366
44 34 13 441 474
44 38 3 543 580
44 22 8 650 671
44 24 11 737 760
44 18 9 845 862
44 23 10 938 960
44 49 12 1043 1091
44 36 7 1153 1188
44 15 5 1253 1267
44 26 14 1335 1360
44 23 1 1441 1463
45 30 2 40 69
45 30 0 146 175
45 49 7 246 294
45 26 1 344 369
45 39 12 444 482
45 39 3 542 580
45 22 5 636 657
45 22 4 740 761
45 24 8 843 866
45 21 11 940 960
45 21 10 1042 1062
45 21 9 1138 1158
45 49 6 1234 1282
45 23 14 1339 1361
45 37 13 1448 1484
46 43 12 48 90
46 18 14 148 165
46 19 2 242 260
46 20 9 338 357
46 29 13 441 469
46 37 3 537 573
46 19 10 639 657
46 21 5 737 757
46 19 11 837 855
46 20 4 939 958
46 24 8 1041 1064
46 37 6 1140 1176
46 51 7 1246 1296
46 22 1 1353 1374
46 26 0 1439 1464
125 18 2 43 60
125 26 0 140 165
125 36 7 245 280
125 27 13 343 369
125 29 10 444 472
125 12 8 549 560
125 19 14 637 655
125 37 12 742 778
125 21 4 839 859
125 22 9 939 960
125 22 1 1043 1064
125 19 5 1142 1160
125 41 3 1235 1275
125 46 6 1341 1386
125 25 11 1440 1464
126 23 4 37 59
126 40 12 149 188
126 20 9 249 268
126 37 7 352 388
126 39 6 449 487
126 20 11 538 557
126 28 2 643 670
126 31 14 737 767
126 26 1 842 867
126 32 5 939 970
126 45 3 1035 1079
126 33 13 1142 1174
126 23 10 1245 1267
126 21 8 1344 1364
126 24 0 1440 1463
201 29 13 37 65
201 36 12 140 175
201 21 2 243 263
201 21 11 338 358
201 37 3 440 476
201 31 7 542 572
201 16 5 637 652
201 21 1 738 758
201 25 4 836 860
201 36 6 944 979
201 17 8 1041 1057
201 19 9 1145 1163
201 18 14 1241 1258
201 26 0 1337 1362
201 25 10 1438 1462
202 16 8 37 52
202 20 10 137 156
202 23 1 239 261
202 36 6 337 372
202 30 13 439 468
202 20 2 540 559
202 43 3 638 680
202 18 11 738 755
202 43 12 839 881
202 19 5 940 958
202 21 4 1036 1056
202 36 7 1151 1186
202 18 14 1244 1261
202 22 9 1340 1361
202 18 0 1439 1456
203 33 13 36 68
203 42 3 143 184
203 21 14 237 257
203 15 9 342 356
203 18 4 437 454
203 23 8 545 567
203 20 10 638 657
203 24 2 739 762
203 39 6 846 884
203 22 1 942 963
203 17 5 1038 1054
203 18 0 1141 1158
203 38 12 1245 1282
203 35 7 1346 1380
203 20 11 1442 1461
204 19 0 35 53
204 14 4 139 152
204 15 14 238 252
204 14 11 339 352
204 24 5 438 461
204 39 12 541 579
204 21 1 640 660
204 41 3 740 780
204 25 10 836 860
204 25 8 938 962
204 23 2 1042 1064
204 41 6 1137 1177
204 36 7 1245 1280
204 31 13 1346 1376
204 17 9 1453 1469