143 18 0 54 71
143 11 4 38 48
143 11 3 77 87
143 16 5 88 103
143 16 5 22 37
143 18 6 153 170
143 11 4 137 147
143 11 3 176 186
143 16 5 187 202
143 16 5 121 136
143 24 9 268 291
143 11 4 252 262
143 11 3 297 307
143 16 5 308 323
143 16 5 236 251
143 27 2 362 388
143 11 4 346 356
143 11 3 394 404
143 16 5 405 420
143 16 5 330 345
143 17 8 553 569
143 11 4 537 547
143 11 3 575 585
143 16 5 586 601
143 16 5 521 536
143 27 1 758 784
143 11 4 742 752
143 11 3 790 800
143 16 5 801 816
143 16 5 726 741
143 28 12 871 898
143 11 4 855 865
143 11 3 904 914
143 16 5 915 930
143 16 5 839 854
143 36 10 1063 1098
143 11 4 1047 1057
143 11 3 1104 1114
143 16 5 1115 1130
143 16 5 1031 1046
143 25 7 1160 1184
143 11 4 1144 1154
143 11 3 1190 1200
143 16 5 1201 1216
143 16 5 1128 1143
143 23 11 1280 1302
143 11 4 1264 1274
143 11 3 1308 1318
143 16 5 1319 1334
143 16 5 1248 1263
144 11 6 39 49
144 11 4 23 33
144 11 3 55 65
144 16 5 66 81
144 16 5 7 22
144 22 12 153 174
144 11 4 137 147
144 11 3 180 190
144 16 5 191 206
144 16 5 121 136
144 16 7 254 269
144 11 4 238 248
144 11 3 275 285
144 16 5 286 301
144 16 5 222 237
144 26 8 460 485
144 11 4 444 454
144 11 3 491 501
144 16 5 502 517
144 16 5 428 443
144 28 10 556 583
144 11 4 540 550
144 11 3 589 599
144 16 5 600 615
144 16 5 524 539
144 33 2 753 785
144 11 4 737 747
144 11 3 791 801
144 16 5 802 817
144 16 5 721 736
144 29 11 880 908
144 11 4 864 874
144 11 3 914 924
144 16 5 925 940
144 16 5 848 863
144 27 1 958 984
144 11 4 942 952
144 11 3 990 1000
144 16 5 1001 1016
144 16 5 926 941
144 20 9 1057 1076
144 11 4 1041 1051
144 11 3 1082 1092
144 16 5 1093 1108
144 16 5 1025 1040
144 36 0 1146 1181
144 11 4 1130 1140
144 11 3 1187 1197
144 16 5 1198 1213
144 16 5 1114 1129
145 21 7 54 74
145 11 4 38 48
145 11 3 80 90
145 16 5 91 106
145 16 5 22 37
145 24 1 384 407
145 11 4 368 378
145 11 3 413 423
145 16 5 424 439
145 16 5 352 367
145 27 6 459 485
145 11 4 443 453
145 11 3 491 501
145 16 5 502 517
145 16 5 427 442
145 25 12 561 585
145 11 4 545 555
145 11 3 591 601
145 16 5 602 617
145 16 5 529 544
145 34 0 750 783
145 11 4 734 744
145 11 3 789 799
145 16 5 800 815
145 16 5 718 733
145 31 10 866 896
145 11 4 850 860
145 11 3 902 912
145 16 5 913 928
145 16 5 834 849
145 29 11 949 977
145 11 4 933 943
145 11 3 983 993
145 16 5 994 1009
145 16 5 917 932
145 27 2 1158 1184
145 11 4 1142 1152
145 11 3 1190 1200
145 16 5 1201 1216
145 16 5 1126 1141
145 35 9 1359 1393
145 11 4 1343 1353
145 11 3 1399 1409
145 16 5 1410 1425
145 16 5 1327 1342
145 28 8 1451 1478
145 11 4 1435 1445
145 11 3 1484 1494
145 16 5 1419 1434
146 24 9 65 88
146 11 4 49 59
146 11 3 94 104
146 16 5 105 120
146 16 5 33 48
146 24 1 162 185
146 11 4 146 156
146 11 3 191 201
146 16 5 202 217
146 16 5 130 145
146 39 6 358 396
146 11 4 342 352
146 11 3 402 412
146 16 5 413 428
146 16 5 326 341
146 34 2 568 601
146 11 4 552 562
146 11 3 607 617
146 16 5 618 633
146 16 5 536 551
146 36 12 667 702
146 11 4 651 661
146 11 3 708 718
146 16 5 719 734
146 16 5 635 650
146 32 8 860 891
146 11 4 844 854
146 11 3 897 907
146 16 5 908 923
146 16 5 828 843
146 35 11 966 1000
146 11 4 950 960
146 11 3 1006 1016
146 16 5 1017 1032
146 16 5 934 949
146 24 7 1153 1176
146 11 4 1137 1147
146 11 3 1182 1192
146 16 5 1193 1208
146 16 5 1121 1136
146 31 10 1351 1381
146 11 4 1335 1345
146 11 3 1387 1397
146 16 5 1398 1413
146 16 5 1319 1334
146 40 0 1453 1492
146 11 4 1437 1447
146 16 5 1421 1436
147 23 8 50 72
147 11 4 34 44
147 11 3 78 88
147 16 5 89 104
147 16 5 18 33
147 25 10 358 382
147 11 4 342 352
147 11 3 388 398
147 16 5 399 414
147 16 5 326 341
147 31 2 448 478
147 11 4 432 442
147 11 3 484 494
147 16 5 495 510
147 16 5 416 431
147 20 0 651 670
147 11 4 635 645
147 11 3 676 686
147 16 5 687 702
147 16 5 619 634
147 31 7 747 777
147 11 4 731 741
147 11 3 783 793
147 16 5 794 809
147 16 5 715 730
147 30 1 955 984
147 11 4 939 949
147 11 3 990 1000
147 16 5 1001 1016
147 16 5 923 938
147 40 12 1052 1091
147 11 4 1036 1046
147 11 3 1097 1107
147 16 5 1108 1123
147 16 5 1020 1035
147 38 6 1156 1193
147 11 4 1140 1150
147 11 3 1199 1209
147 16 5 1210 1225
147 16 5 1124 1139
147 34 9 1265 1298
147 11 4 1249 1259
147 11 3 1304 1314
147 16 5 1315 1330
147 16 5 1233 1248
147 35 11 1350 1384
147 11 4 1334 1344
147 11 3 1390 1400
147 16 5 1401 1416
147 16 5 1318 1333
148 31 11 48 78
148 11 4 32 42
148 11 3 84 94
148 16 5 95 110
148 16 5 16 31
148 31 7 246 276
148 11 4 230 240
148 11 3 282 292
148 16 5 293 308
148 16 5 214 229
148 25 10 461 485
148 11 4 445 455
148 11 3 491 501
148 16 5 502 517
148 16 5 429 444
148 33 12 553 585
148 11 4 537 547
148 11 3 591 601
148 16 5 602 617
148 16 5 521 536
148 15 8 680 694
148 11 4 664 674
148 11 3 700 710
148 16 5 711 726
148 16 5 648 663
148 33 0 1053 1085
148 11 4 1037 1047
148 11 3 1091 1101
148 16 5 1102 1117
148 16 5 1021 1036
148 30 2 1157 1186
148 11 4 1141 1151
148 11 3 1192 1202
148 16 5 1203 1218
148 16 5 1125 1140
148 30 9 1269 1298
148 11 4 1253 1263
148 11 3 1304 1314
148 16 5 1315 1330
148 16 5 1237 1252
148 37 1 1364 1400
148 11 4 1348 1358
148 11 3 1406 1416
148 16 5 1417 1432
148 16 5 1332 1347
148 37 6 1455 1491
148 11 4 1439 1449
148 16 5 1423 1438
149 20 12 153 172
149 11 4 137 147
149 11 3 178 188
149 16 5 189 204
149 16 5 121 136
149 37 7 242 278
149 11 4 226 236
149 11 3 284 294
149 16 5 295 310
149 16 5 210 225
149 30 8 352 381
149 11 4 336 346
149 11 3 387 397
149 16 5 398 413
149 16 5 320 335
149 30 1 566 595
149 11 4 550 560
149 11 3 601 611
149 16 5 612 627
149 16 5 534 549
149 35 10 660 694
149 11 4 644 654
149 11 3 700 710
149 16 5 711 726
149 16 5 628 643
149 32 0 752 783
149 11 4 736 746
149 11 3 789 799
149 16 5 800 815
149 16 5 720 735
149 34 9 859 892
149 11 4 843 853
149 11 3 898 908
149 16 5 909 924
149 16 5 827 842
149 39 6 1149 1187
149 11 4 1133 1143
149 11 3 1193 1203
149 16 5 1204 1219
149 16 5 1117 1132
149 29 11 1258 1286
149 11 4 1242 1252
149 11 3 1292 1302
149 16 5 1303 1318
149 16 5 1226 1241
149 33 2 1353 1385
149 11 4 1337 1347
149 11 3 1391 1401
149 16 5 1402 1417
149 16 5 1321 1336
150 27 1 49 75
150 11 4 33 43
150 11 3 81 91
150 16 5 92 107
150 16 5 17 32
150 28 0 147 174
150 11 4 131 141
150 11 3 180 190
150 16 5 191 206
150 16 5 115 130
150 29 6 345 373
150 11 4 329 339
150 11 3 379 389
150 16 5 390 405
150 16 5 313 328
150 27 7 440 466
150 11 4 424 434
150 11 3 472 482
150 16 5 483 498
150 16 5 408 423
150 27 10 555 581
150 11 4 539 549
150 11 3 587 597
150 16 5 598 613
150 16 5 523 538
150 31 2 860 890
150 11 4 844 854
150 11 3 896 906
150 16 5 907 922
150 16 5 828 843
150 28 12 952 979
150 11 4 936 946
150 11 3 985 995
150 16 5 996 1011
150 16 5 920 935
150 43 8 1048 1090
150 11 4 1032 1042
150 11 3 1096 1106
150 16 5 1107 1122
150 16 5 1016 1031
150 34 9 1150 1183
150 11 4 1134 1144
150 11 3 1189 1199
150 16 5 1200 1215
150 16 5 1118 1133
150 34 11 1457 1490
150 11 4 1441 1451
150 16 5 1425 1440
151 30 8 50 79
151 11 4 34 44
151 11 3 85 95
151 16 5 96 111
151 16 5 18 33
151 31 2 154 184
151 11 4 138 148
151 11 3 190 200
151 16 5 201 216
151 16 5 122 137
151 32 0 251 282
151 11 4 235 245
151 11 3 288 298
151 16 5 299 314
151 16 5 219 234
151 29 10 357 385
151 11 4 341 351
151 11 3 391 401
151 16 5 402 417
151 16 5 325 340
151 35 12 548 582
151 11 4 532 542
151 11 3 588 598
151 16 5 599 614
151 16 5 516 531
151 29 1 965 993
151 11 4 949 959
151 11 3 999 1009
151 16 5 1010 1025
151 16 5 933 948
151 27 11 1179 1205
151 11 4 1163 1173
151 11 3 1211 1221
151 16 5 1222 1237
151 16 5 1147 1162
151 42 6 1255 1296
151 11 4 1239 1249
151 11 3 1302 1312
151 16 5 1313 1328
151 16 5 1223 1238
151 42 9 1364 1405
151 11 4 1348 1358
151 11 3 1411 1421
151 16 5 1422 1437
151 16 5 1332 1347
151 46 7 1450 1495
151 11 4 1434 1444
151 16 5 1418 1433
152 32 2 55 86
152 11 4 39 49
152 11 3 92 102
152 16 5 103 118
152 16 5 23 38
152 25 11 150 174
152 11 4 134 144
152 11 3 180 190
152 16 5 191 206
152 16 5 118 133
152 30 0 247 276
152 11 4 231 241
152 11 3 282 292
152 16 5 293 308
152 16 5 215 230
152 25 8 360 384
152 11 4 344 354
152 11 3 390 400
152 16 5 401 416
152 16 5 328 343
152 33 7 648 680
152 11 4 632 642
152 11 3 686 696
152 16 5 697 712
152 16 5 616 631
152 29 12 763 791
152 11 4 747 757
152 11 3 797 807
152 16 5 808 823
152 16 5 731 746
152 33 10 862 894
152 11 4 846 856
152 11 3 900 910
152 16 5 911 926
152 16 5 830 845
152 40 9 959 998
152 11 4 943 953
152 11 3 1004 1014
152 16 5 1015 1030
152 16 5 927 942
152 34 6 1252 1285
152 11 4 1236 1246
152 11 3 1291 1301
152 16 5 1302 1317
152 16 5 1220 1235
152 34 1 1363 1396
152 11 4 1347 1357
152 11 3 1402 1412
152 16 5 1413 1428
152 16 5 1331 1346
153 31 8 50 80
153 11 4 34 44
153 11 3 86 96
153 16 5 97 112
153 16 5 18 33
153 23 9 165 187
153 11 4 149 159
153 11 3 193 203
153 16 5 204 219
153 16 5 133 148
153 38 12 350 387
153 11 4 334 344
153 11 3 393 403
153 16 5 404 419
153 16 5 318 333
153 32 2 559 590
153 11 4 543 553
153 11 3 596 606
153 16 5 607 622
153 16 5 527 542
153 38 7 653 690
153 11 4 637 647
153 11 3 696 706
153 16 5 707 722
153 16 5 621 636
153 39 10 762 800
153 11 4 746 756
153 11 3 806 816
153 16 5 817 832
153 16 5 730 745
153 37 6 859 895
153 11 4 843 853
153 11 3 901 911
153 16 5 912 927
153 16 5 827 842
153 38 0 963 1000
153 11 4 947 957
153 11 3 1006 1016
153 16 5 1017 1032
153 16 5 931 946
153 40 1 1057 1096
153 11 4 1041 1051
153 11 3 1102 1112
153 16 5 1113 1128
153 16 5 1025 1040
153 27 11 1450 1476
153 11 4 1434 1444
153 11 3 1482 1492
153 16 5 1418 1433
154 19 7 57 75
154 11 4 41 51
154 11 3 81 91
154 16 5 92 107
154 16 5 25 40
154 31 0 248 278
154 11 4 232 242
154 11 3 284 294
154 16 5 295 310
154 16 5 216 231
154 31 10 465 495
154 11 4 449 459
154 11 3 501 511
154 16 5 512 527
154 16 5 433 448
154 26 1 664 689
154 11 4 648 658
154 11 3 695 705
154 16 5 706 721
154 16 5 632 647
154 35 9 759 793
154 11 4 743 753
154 11 3 799 809
154 16 5 810 825
154 16 5 727 742
154 32 11 873 904
154 11 4 857 867
154 11 3 910 920
154 16 5 921 936
154 16 5 841 856
154 32 6 954 985
154 11 4 938 948
154 11 3 991 1001
154 16 5 1002 1017
154 16 5 922 937
154 38 2 1060 1097
154 11 4 1044 1054
154 11 3 1103 1113
154 16 5 1114 1129
154 16 5 1028 1043
154 30 12 1162 1191
154 11 4 1146 1156
154 11 3 1197 1207
154 16 5 1208 1223
154 16 5 1130 1145
154 27 8 1455 1481
154 11 4 1439 1449
154 11 3 1487 1497
154 16 5 1423 1438
155 28 1 38 65
155 11 4 22 32
155 11 3 71 81
155 16 5 82 97
155 16 5 6 21
155 36 0 140 175
155 11 4 124 134
155 11 3 181 191
155 16 5 192 207
155 16 5 108 123
155 43 8 640 682
155 11 4 624 634
155 11 3 688 698
155 16 5 699 714
155 16 5 608 623
155 30 12 751 780
155 11 4 735 745
155 11 3 786 796
155 16 5 797 812
155 16 5 719 734
155 39 7 840 878
155 11 4 824 834
155 11 3 884 894
155 16 5 895 910
155 16 5 808 823
155 40 10 954 993
155 11 4 938 948
155 11 3 999 1009
155 16 5 1010 1025
155 16 5 922 937
155 25 2 1046 1070
155 11 4 1030 1040
155 11 3 1076 1086
155 16 5 1087 1102
155 16 5 1014 1029
155 30 9 1150 1179
155 11 4 1134 1144
155 11 3 1185 1195
155 16 5 1196 1211
155 16 5 1118 1133
155 31 11 1245 1275
155 11 4 1229 1239
155 11 3 1281 1291
155 16 5 1292 1307
155 16 5 1213 1228
155 40 6 1349 1388
155 11 4 1333 1343
155 11 3 1394 1404
155 16 5 1405 1420
155 16 5 1317 1332
156 28 9 175 202
156 11 4 159 169
156 11 3 208 218
156 16 5 219 234
156 16 5 143 158
156 35 0 243 277
156 11 4 227 237
156 11 3 283 293
156 16 5 294 309
156 16 5 211 226
156 36 1 550 585
156 11 4 534 544
156 11 3 591 601
156 16 5 602 617
156 16 5 518 533
156 38 6 657 694
156 11 4 641 651
156 11 3 700 710
156 16 5 711 726
156 16 5 625 640
156 30 10 883 912
156 11 4 867 877
156 11 3 918 928
156 16 5 929 944
156 16 5 851 866
156 44 8 960 1003
156 11 4 944 954
156 11 3 1009 1019
156 16 5 1020 1035
156 16 5 928 943
156 36 7 1149 1184
156 11 4 1133 1143
156 11 3 1190 1200
156 16 5 1201 1216
156 16 5 1117 1132
156 40 12 1246 1285
156 11 4 1230 1240
156 11 3 1291 1301
156 16 5 1302 1317
156 16 5 1214 1229
156 38 11 1349 1386
156 11 4 1333 1343
156 11 3 1392 1402
156 16 5 1403 1418
156 16 5 1317 1332
156 43 2 1456 1498
156 11 4 1440 1450
156 16 5 1424 1439
157 35 7 144 178
157 11 4 128 138
157 11 3 184 194
157 16 5 195 210
157 16 5 112 127
157 29 9 263 291
157 11 4 247 257
157 11 3 297 307
157 16 5 308 323
157 16 5 231 246
157 34 10 342 375
157 11 4 326 336
157 11 3 381 391
157 16 5 392 407
157 16 5 310 325
157 45 8 544 588
157 11 4 528 538
157 11 3 594 604
157 16 5 605 620
157 16 5 512 527
157 34 11 652 685
157 11 4 636 646
157 11 3 691 701
157 16 5 702 717
157 16 5 620 635
157 41 0 947 987
157 11 4 931 941
157 11 3 993 1003
157 16 5 1004 1019
157 16 5 915 930
157 32 12 1046 1077
157 11 4 1030 1040
157 11 3 1083 1093
157 16 5 1094 1109
157 16 5 1014 1029
157 57 2 1152 1208
157 11 4 1136 1146
157 11 3 1214 1224
157 16 5 1225 1240
157 16 5 1120 1135
157 27 1 1247 1273
157 11 4 1231 1241
157 11 3 1279 1289
157 16 5 1290 1305
157 16 5 1215 1230
157 51 6 1448 1498
157 11 4 1432 1442
157 16 5 1416 1431
158 28 9 47 74
158 11 4 31 41
158 11 3 80 90
158 16 5 91 106
158 16 5 15 30
158 28 12 135 162
158 11 4 119 129
158 11 3 168 178
158 16 5 179 194
158 16 5 103 118
158 41 8 239 279
158 11 4 223 233
158 11 3 285 295
158 16 5 296 311
158 16 5 207 222
158 24 6 436 459
158 11 4 420 430
158 11 3 465 475
158 16 5 476 491
158 16 5 404 419
158 36 1 646 681
158 11 4 630 640
158 11 3 687 697
158 16 5 698 713
158 16 5 614 629
158 32 7 747 778
158 11 4 731 741
158 11 3 784 794
158 16 5 795 810
158 16 5 715 730
158 37 10 1054 1090
158 11 4 1038 1048
158 11 3 1096 1106
158 16 5 1107 1122
158 16 5 1022 1037
158 35 11 1240 1274
158 11 4 1224 1234
158 11 3 1280 1290
158 16 5 1291 1306
158 16 5 1208 1223
158 35 2 1350 1384
158 11 4 1334 1344
158 11 3 1390 1400
158 16 5 1401 1416
158 16 5 1318 1333
158 46 0 1440 1485
158 11 4 1424 1434
158 16 5 1408 1423
159 28 8 155 182
159 11 4 139 149
159 11 3 188 198
159 16 5 199 214
159 16 5 123 138
159 28 11 352 379
159 11 4 336 346
159 11 3 385 395
159 16 5 396 411
159 16 5 320 335
159 23 9 458 480
159 11 4 442 452
159 11 3 486 496
159 16 5 497 512
159 16 5 426 441
159 31 1 546 576
159 11 4 530 540
159 11 3 582 592
159 16 5 593 608
159 16 5 514 529
159 32 7 646 677
159 11 4 630 640
159 11 3 683 693
159 16 5 694 709
159 16 5 614 629
159 28 12 747 774
159 11 4 731 741
159 11 3 780 790
159 16 5 791 806
159 16 5 715 730
159 48 2 1048 1095
159 11 4 1032 1042
159 11 3 1101 1111
159 16 5 1112 1127
159 16 5 1016 1031
159 53 6 1143 1195
159 11 4 1127 1137
159 11 3 1201 1211
159 16 5 1212 1227
159 16 5 1111 1126
159 39 10 1246 1284
159 11 4 1230 1240
159 11 3 1290 1300
159 16 5 1301 1316
159 16 5 1214 1229
159 21 0 1445 1465
159 11 4 1429 1439
159 11 3 1471 1481
159 16 5 1482 1497
159 16 5 1413 1428
160 32 10 42 73
160 11 4 26 36
160 11 3 79 89
160 16 5 90 105
160 16 5 10 25
160 26 7 246 271
160 11 4 230 240
160 11 3 277 287
160 16 5 288 303
160 16 5 214 229
160 29 2 347 375
160 11 4 331 341
160 11 3 381 391
160 16 5 392 407
160 16 5 315 330
160 28 11 439 466
160 11 4 423 433
160 11 3 472 482
160 16 5 483 498
160 16 5 407 422
160 21 9 542 562
160 11 4 526 536
160 11 3 568 578
160 16 5 579 594
160 16 5 510 525
160 23 0 643 665
160 11 4 627 637
160 11 3 671 681
160 16 5 682 697
160 16 5 611 626
160 25 12 846 870
160 11 4 830 840
160 11 3 876 886
160 16 5 887 902
160 16 5 814 829
160 41 8 943 983
160 11 4 927 937
160 11 3 989 999
160 16 5 1000 1015
160 16 5 911 926
160 32 1 1140 1171
160 11 4 1124 1134
160 11 3 1177 1187
160 16 5 1188 1203
160 16 5 1108 1123
160 39 6 1244 1282
160 11 4 1228 1238
160 11 3 1288 1298
160 16 5 1299 1314
160 16 5 1212 1227
161 37 0 142 178
161 11 4 126 136
161 11 3 184 194
161 16 5 195 210
161 16 5 110 125
161 19 11 244 262
161 11 4 228 238
161 11 3 268 278
161 16 5 279 294
161 16 5 212 227
161 21 8 549 569
161 11 4 533 543
161 11 3 575 585
161 16 5 586 601
161 16 5 517 532
161 18 12 646 663
161 11 4 630 640
161 11 3 669 679
161 16 5 680 695
161 16 5 614 629
161 29 9 752 780
161 11 4 736 746
161 11 3 786 796
161 16 5 797 812
161 16 5 720 735
161 29 2 950 978
161 11 4 934 944
161 11 3 984 994
161 16 5 995 1010
161 16 5 918 933
161 41 6 1044 1084
161 11 4 1028 1038
161 11 3 1090 1100
161 16 5 1101 1116
161 16 5 1012 1027
161 33 1 1148 1180
161 11 4 1132 1142
161 11 3 1186 1196
161 16 5 1197 1212
161 16 5 1116 1131
161 24 10 1351 1374
161 11 4 1335 1345
161 11 3 1380 1390
161 16 5 1391 1406
161 16 5 1319 1334
161 36 7 1438 1473
161 11 4 1422 1432
161 11 3 1479 1489
161 16 5 1406 1421
162 21 1 42 62
162 11 4 26 36
162 11 3 68 78
162 16 5 79 94
162 16 5 10 25
162 29 12 242 270
162 11 4 226 236
162 11 3 276 286
162 16 5 287 302
162 16 5 210 225
162 31 10 350 380
162 11 4 334 344
162 11 3 386 396
162 16 5 397 412
162 16 5 318 333
162 29 8 450 478
162 11 4 434 444
162 11 3 484 494
162 16 5 495 510
162 16 5 418 433
162 24 9 651 674
162 11 4 635 645
162 11 3 680 690
162 16 5 691 706
162 16 5 619 634
162 34 2 745 778
162 11 4 729 739
162 11 3 784 794
162 16 5 795 810
162 16 5 713 728
162 27 7 1039 1065
162 11 4 1023 1033
162 11 3 1071 1081
162 16 5 1082 1097
162 16 5 1007 1022
162 24 11 1136 1159
162 11 4 1120 1130
162 11 3 1165 1175
162 16 5 1176 1191
162 16 5 1104 1119
162 24 6 1240 1263
162 11 4 1224 1234
162 11 3 1269 1279
162 16 5 1280 1295
162 16 5 1208 1223
162 44 0 1441 1484
162 11 4 1425 1435
162 16 5 1409 1424
163 19 0 40 58
163 11 4 24 34
163 11 3 64 74
163 16 5 75 90
163 16 5 8 23
163 30 2 140 169
163 11 4 124 134
163 11 3 175 185
163 16 5 186 201
163 16 5 108 123
163 25 11 339 363
163 11 4 323 333
163 11 3 369 379
163 16 5 380 395
163 16 5 307 322
163 33 8 443 475
163 11 4 427 437
163 11 3 481 491
163 16 5 492 507
163 16 5 411 426
163 39 12 541 579
163 11 4 525 535
163 11 3 585 595
163 16 5 596 611
163 16 5 509 524
163 29 1 647 675
163 11 4 631 641
163 11 3 681 691
163 16 5 692 707
163 16 5 615 630
163 38 7 743 780
163 11 4 727 737
163 11 3 786 796
163 16 5 797 812
163 16 5 711 726
163 31 10 842 872
163 11 4 826 836
163 11 3 878 888
163 16 5 889 904
163 16 5 810 825
163 39 6 942 980
163 11 4 926 936
163 11 3 986 996
163 16 5 997 1012
163 16 5 910 925
163 28 9 1047 1074
163 11 4 1031 1041
163 11 3 1080 1090
163 16 5 1091 1106
163 16 5 1015 1030
164 29 9 45 73
164 11 4 29 39
164 11 3 79 89
164 16 5 90 105
164 16 5 13 28
164 20 7 137 156
164 11 4 121 131
164 11 3 162 172
164 16 5 173 188
164 16 5 105 120
164 28 10 349 376
164 11 4 333 343
164 11 3 382 392
164 16 5 393 408
164 16 5 317 332
164 27 1 443 469
164 11 4 427 437
164 11 3 475 485
164 16 5 486 501
164 16 5 411 426
164 27 8 645 671
164 11 4 629 639
164 11 3 677 687
164 16 5 688 703
164 16 5 613 628
164 21 6 844 864
164 11 4 828 838
164 11 3 870 880
164 16 5 881 896
164 16 5 812 827
164 37 2 946 982
164 11 4 930 940
164 11 3 988 998
164 16 5 999 1014
164 16 5 914 929
164 31 0 1045 1075
164 11 4 1029 1039
164 11 3 1081 1091
164 16 5 1092 1107
164 16 5 1013 1028
164 34 12 1237 1270
164 11 4 1221 1231
164 11 3 1276 1286
164 16 5 1287 1302
164 16 5 1205 1220
164 25 11 1339 1363
164 11 4 1323 1333
164 11 3 1369 1379
164 16 5 1380 1395
164 16 5 1307 1322
165 28 10 47 74
165 11 4 31 41
165 11 3 80 90
165 16 5 91 106
165 16 5 15 30
165 23 9 250 272
165 11 4 234 244
165 11 3 278 288
165 16 5 289 304
165 16 5 218 233
165 41 12 442 482
165 11 4 426 436
165 11 3 488 498
165 16 5 499 514
165 16 5 410 425
165 39 8 542 580
165 11 4 526 536
165 11 3 586 596
165 16 5 597 612
165 16 5 510 525
165 22 11 643 664
165 11 4 627 637
165 11 3 670 680
165 16 5 681 696
165 16 5 611 626
165 37 2 851 887
165 11 4 835 845
165 11 3 893 903
165 16 5 904 919
165 16 5 819 834
165 36 0 1050 1085
165 11 4 1034 1044
165 11 3 1091 1101
165 16 5 1102 1117
165 16 5 1018 1033
165 39 7 1144 1182
165 11 4 1128 1138
165 11 3 1188 1198
165 16 5 1199 1214
165 16 5 1112 1127
165 42 1 1342 1383
165 11 4 1326 1336
165 11 3 1389 1399
165 16 5 1400 1415
165 16 5 1310 1325
165 36 6 1455 1490
165 11 4 1439 1449
165 16 5 1423 1438
166 34 11 239 272
166 11 4 223 233
166 11 3 278 288
166 16 5 289 304
166 16 5 207 222
166 39 1 340 378
166 11 4 324 334
166 11 3 384 394
166 16 5 395 410
166 16 5 308 323
166 27 9 554 580
166 11 4 538 548
166 11 3 586 596
166 16 5 597 612
166 16 5 522 537
166 36 12 642 677
166 11 4 626 636
166 11 3 683 693
166 16 5 694 709
166 16 5 610 625
166 34 8 740 773
166 11 4 724 734
166 11 3 779 789
166 16 5 790 805
166 16 5 708 723
166 28 6 847 874
166 11 4 831 841
166 11 3 880 890
166 16 5 891 906
166 16 5 815 830
166 46 2 1156 1201
166 11 4 1140 1150
166 11 3 1207 1217
166 16 5 1218 1233
166 16 5 1124 1139
166 30 10 1250 1279
166 11 4 1234 1244
166 11 3 1285 1295
166 16 5 1296 1311
166 16 5 1218 1233
166 29 0 1345 1373
166 11 4 1329 1339
166 11 3 1379 1389
166 16 5 1390 1405
166 16 5 1313 1328
166 27 7 1437 1463
166 11 4 1421 1431
166 11 3 1469 1479
166 16 5 1480 1495
166 16 5 1405 1420
173 15 7 45 59
173 11 4 29 39
173 11 3 65 75
173 16 5 76 91
173 16 5 13 28
173 24 6 238 261
173 11 4 222 232
173 11 3 267 277
173 16 5 278 293
173 16 5 206 221
173 21 8 345 365
173 11 4 329 339
173 11 3 371 381
173 16 5 382 397
173 16 5 313 328
173 25 2 441 465
173 11 4 425 435
173 11 3 471 481
173 16 5 482 497
173 16 5 409 424
173 19 9 539 557
173 11 4 523 533
173 11 3 563 573
173 16 5 574 589
173 16 5 507 522
173 16 10 635 650
173 11 4 619 629
173 11 3 656 666
173 16 5 667 682
173 16 5 603 618
173 19 1 1046 1064
173 11 4 1030 1040
173 11 3 1070 1080
173 16 5 1081 1096
173 16 5 1014 1029
173 15 11 1245 1259
173 11 4 1229 1239
173 11 3 1265 1275
173 16 5 1276 1291
173 16 5 1213 1228
173 26 12 1345 1370
173 11 4 1329 1339
173 11 3 1376 1386
173 16 5 1387 1402
173 16 5 1313 1328
173 16 0 1447 1462
173 11 4 1431 1441
173 11 3 1468 1478
173 16 5 1479 1494
173 16 5 1415 1430
174 11 9 39 49
174 11 4 23 33
174 11 3 55 65
174 16 5 66 81
174 16 5 7 22
174 14 12 244 257
174 11 4 228 238
174 11 3 263 273
174 16 5 274 289
174 16 5 212 227
174 10 1 435 444
174 11 4 419 429
174 11 3 450 460
174 16 5 461 476
174 16 5 403 418
174 17 10 538 554
174 11 4 522 532
174 11 3 560 570
174 16 5 571 586
174 16 5 506 521
174 23 2 647 669
174 11 4 631 641
174 11 3 675 685
174 16 5 686 701
174 16 5 615 630
174 22 6 748 769
174 11 4 732 742
174 11 3 775 785
174 16 5 786 801
174 16 5 716 731
174 23 11 950 972
174 11 4 934 944
174 11 3 978 988
174 16 5 989 1004
174 16 5 918 933
174 16 7 1034 1049
174 11 4 1018 1028
174 11 3 1055 1065
174 16 5 1066 1081
174 16 5 1002 1017
174 21 0 1242 1262
174 11 4 1226 1236
174 11 3 1268 1278
174 16 5 1279 1294
174 16 5 1210 1225
174 28 8 1351 1378
174 11 4 1335 1345
174 11 3 1384 1394
174 16 5 1395 1410
174 16 5 1319 1334
175 20 12 152 171
175 11 4 136 146
175 11 3 177 187
175 16 5 188 203
175 16 5 120 135
175 28 11 249 276
175 11 4 233 243
175 11 3 282 292
175 16 5 293 308
175 16 5 217 232
175 22 8 457 478
175 11 4 441 451
175 11 3 484 494
175 16 5 495 510
175 16 5 425 440
175 29 2 562 590
175 11 4 546 556
175 11 3 596 606
175 16 5 607 622
175 16 5 530 545
175 25 7 660 684
175 11 4 644 654
175 11 3 690 700
175 16 5 701 716
175 16 5 628 643
175 26 10 752 777
175 11 4 736 746
175 11 3 783 793
175 16 5 794 809
175 16 5 720 735
175 24 9 852 875
175 11 4 836 846
175 11 3 881 891
175 16 5 892 907
175 16 5 820 835
175 20 1 1055 1074
175 11 4 1039 1049
175 11 3 1080 1090
175 16 5 1091 1106
175 16 5 1023 1038
175 27 6 1254 1280
175 11 4 1238 1248
175 11 3 1286 1296
175 16 5 1297 1312
175 16 5 1222 1237
175 24 0 1460 1483
175 11 4 1444 1454
175 11 3 1489 1499
175 16 5 1428 1443
176 47 0 57 103
176 11 4 41 51
176 11 3 109 119
176 16 5 120 135
176 16 5 25 40
176 27 9 153 179
176 11 4 137 147
176 11 3 185 195
176 16 5 196 211
176 16 5 121 136
176 27 2 251 277
176 11 4 235 245
176 11 3 283 293
176 16 5 294 309
176 16 5 219 234
176 27 6 449 475
176 11 4 433 443
176 11 3 481 491
176 16 5 492 507
176 16 5 417 432
176 31 8 650 680
176 11 4 634 644
176 11 3 686 696
176 16 5 697 712
176 16 5 618 633
176 21 1 851 871
176 11 4 835 845
176 11 3 877 887
176 16 5 888 903
176 16 5 819 834
176 18 10 943 960
176 11 4 927 937
176 11 3 966 976
176 16 5 977 992
176 16 5 911 926
176 36 12 1050 1085
176 11 4 1034 1044
176 11 3 1091 1101
176 16 5 1102 1117
176 16 5 1018 1033
176 21 7 1278 1298
176 11 4 1262 1272
176 11 3 1304 1314
176 16 5 1315 1330
176 16 5 1246 1261
176 19 11 1357 1375
176 11 4 1341 1351
176 11 3 1381 1391
176 16 5 1392 1407
176 16 5 1325 1340
177 20 12 156 175
177 11 4 140 150
177 11 3 181 191
177 16 5 192 207
177 16 5 124 139
177 20 9 248 267
177 11 4 232 242
177 11 3 273 283
177 16 5 284 299
177 16 5 216 231
177 17 0 340 356
177 11 4 324 334
177 11 3 362 372
177 16 5 373 388
177 16 5 308 323
177 16 1 447 462
177 11 4 431 441
177 11 3 468 478
177 16 5 479 494
177 16 5 415 430
177 19 2 754 772
177 11 4 738 748
177 11 3 778 788
177 16 5 789 804
177 16 5 722 737
177 24 8 847 870
177 11 4 831 841
177 11 3 876 886
177 16 5 887 902
177 16 5 815 830
177 25 6 945 969
177 11 4 929 939
177 11 3 975 985
177 16 5 986 1001
177 16 5 913 928
177 23 10 1149 1171
177 11 4 1133 1143
177 11 3 1177 1187
177 16 5 1188 1203
177 16 5 1117 1132
177 17 11 1251 1267
177 11 4 1235 1245
177 11 3 1273 1283
177 16 5 1284 1299
177 16 5 1219 1234
177 18 7 1456 1473
177 11 4 1440 1450
177 11 3 1479 1489
177 16 5 1424 1439
178 25 2 154 178
178 11 4 138 148
178 11 3 184 194
178 16 5 195 210
178 16 5 122 137
178 35 8 245 279
178 11 4 229 239
178 11 3 285 295
178 16 5 296 311
178 16 5 213 228
178 22 9 344 365
178 11 4 328 338
178 11 3 371 381
178 16 5 382 397
178 16 5 312 327
178 30 6 441 470
178 11 4 425 435
178 11 3 476 486
178 16 5 487 502
178 16 5 409 424
178 18 10 648 665
178 11 4 632 642
178 11 3 671 681
178 16 5 682 697
178 16 5 616 631
178 17 0 757 773
178 11 4 741 751
178 11 3 779 789
178 16 5 790 805
178 16 5 725 740
178 30 12 946 975
178 11 4 930 940
178 11 3 981 991
178 16 5 992 1007
178 16 5 914 929
178 21 1 1248 1268
178 11 4 1232 1242
178 11 3 1274 1284
178 16 5 1285 1300
178 16 5 1216 1231
178 21 11 1349 1369
178 11 4 1333 1343
178 11 3 1375 1385
178 16 5 1386 1401
178 16 5 1317 1332
178 24 7 1446 1469
178 11 4 1430 1440
178 11 3 1475 1485
178 16 5 1414 1429
179 18 7 48 65
179 11 4 32 42
179 11 3 71 81
179 16 5 82 97
179 16 5 16 31
179 23 6 347 369
179 11 4 331 341
179 11 3 375 385
179 16 5 386 401
179 16 5 315 330
179 20 8 549 568
179 11 4 533 543
179 11 3 574 584
179 16 5 585 600
179 16 5 517 532
179 23 0 741 763
179 11 4 725 735
179 11 3 769 779
179 16 5 780 795
179 16 5 709 724
179 23 1 843 865
179 11 4 827 837
179 11 3 871 881
179 16 5 882 897
179 16 5 811 826
179 18 12 956 973
179 11 4 940 950
179 11 3 979 989
179 16 5 990 1005
179 16 5 924 939
179 26 2 1055 1080
179 11 4 1039 1049
179 11 3 1086 1096
179 16 5 1097 1112
179 16 5 1023 1038
179 25 11 1149 1173
179 11 4 1133 1143
179 11 3 1179 1189
179 16 5 1190 1205
179 16 5 1117 1132
179 15 9 1247 1261
179 11 4 1231 1241
179 11 3 1267 1277
179 16 5 1278 1293
179 16 5 1215 1230
179 24 10 1442 1465
179 11 4 1426 1436
179 11 3 1471 1481
179 16 5 1482 1497
179 16 5 1410 1425
180 20 2 151 170
180 11 4 135 145
180 11 3 176 186
180 16 5 187 202
180 16 5 119 134
180 14 10 361 374
180 11 4 345 355
180 11 3 380 390
180 16 5 391 406
180 16 5 329 344
180 15 1 446 460
180 11 4 430 440
180 11 3 466 476
180 16 5 477 492
180 16 5 414 429
180 18 11 658 675
180 11 4 642 652
180 11 3 681 691
180 16 5 692 707
180 16 5 626 641
180 27 9 755 781
180 11 4 739 749
180 11 3 787 797
180 16 5 798 813
180 16 5 723 738
180 26 8 943 968
180 11 4 927 937
180 11 3 974 984
180 16 5 985 1000
180 16 5 911 926
180 24 6 1042 1065
180 11 4 1026 1036
180 11 3 1071 1081
180 16 5 1082 1097
180 16 5 1010 1025
180 27 12 1248 1274
180 11 4 1232 1242
180 11 3 1280 1290
180 16 5 1291 1306
180 16 5 1216 1231
180 33 7 1347 1379
180 11 4 1331 1341
180 11 3 1385 1395
180 16 5 1396 1411
180 16 5 1315 1330
180 24 0 1449 1472
180 11 4 1433 1443
180 11 3 1478 1488
180 16 5 1417 1432
181 18 10 41 58
181 11 4 25 35
181 11 3 64 74
181 16 5 75 90
181 16 5 9 24
181 20 12 449 468
181 11 4 433 443
181 11 3 474 484
181 16 5 485 500
181 16 5 417 432
181 16 9 550 565
181 11 4 534 544
181 11 3 571 581
181 16 5 582 597
181 16 5 518 533
181 20 7 643 662
181 11 4 627 637
181 11 3 668 678
181 16 5 679 694
181 16 5 611 626
181 18 1 747 764
181 11 4 731 741
181 11 3 770 780
181 16 5 781 796
181 16 5 715 730
181 22 11 1046 1067
181 11 4 1030 1040
181 11 3 1073 1083
181 16 5 1084 1099
181 16 5 1014 1029
181 20 8 1150 1169
181 11 4 1134 1144
181 11 3 1175 1185
181 16 5 1186 1201
181 16 5 1118 1133
181 20 0 1250 1269
181 11 4 1234 1244
181 11 3 1275 1285
181 16 5 1286 1301
181 16 5 1218 1233
181 21 6 1350 1370
181 11 4 1334 1344
181 11 3 1376 1386
181 16 5 1387 1402
181 16 5 1318 1333
181 27 2 1461 1487
181 11 4 1445 1455
181 16 5 1429 1444
182 17 1 347 363
182 11 4 331 341
182 11 3 369 379
182 16 5 380 395
182 16 5 315 330
182 17 6 643 659
182 11 4 627 637
182 11 3 665 675
182 16 5 676 691
182 16 5 611 626
182 29 7 743 771
182 11 4 727 737
182 11 3 777 787
182 16 5 788 803
182 16 5 711 726
182 31 8 852 882
182 11 4 836 846
182 11 3 888 898
182 16 5 899 914
182 16 5 820 835
182 29 0 950 978
182 11 4 934 944
182 11 3 984 994
182 16 5 995 1010
182 16 5 918 933
182 32 12 1049 1080
182 11 4 1033 1043
182 11 3 1086 1096
182 16 5 1097 1112
182 16 5 1017 1032
182 29 11 1146 1174
182 11 4 1130 1140
182 11 3 1180 1190
182 16 5 1191 1206
182 16 5 1114 1129
182 20 9 1256 1275
182 11 4 1240 1250
182 11 3 1281 1291
182 16 5 1292 1307
182 16 5 1224 1239
182 18 10 1350 1367
182 11 4 1334 1344
182 11 3 1373 1383
182 16 5 1384 1399
182 16 5 1318 1333
182 30 2 1456 1485
182 11 4 1440 1450
182 16 5 1424 1439
183 18 6 245 262
183 11 4 229 239
183 11 3 268 278
183 16 5 279 294
183 16 5 213 228
183 24 0 340 363
183 11 4 324 334
183 11 3 369 379
183 16 5 380 395
183 16 5 308 323
183 24 8 447 470
183 11 4 431 441
183 11 3 476 486
183 16 5 487 502
183 16 5 415 430
183 23 1 649 671
183 11 4 633 643
183 11 3 677 687
183 16 5 688 703
183 16 5 617 632
183 18 9 753 770
183 11 4 737 747
183 11 3 776 786
183 16 5 787 802
183 16 5 721 736
183 21 10 843 863
183 11 4 827 837
183 11 3 869 879
183 16 5 880 895
183 16 5 811 826
183 25 11 1041 1065
183 11 4 1025 1035
183 11 3 1071 1081
183 16 5 1082 1097
183 16 5 1009 1024
183 28 2 1149 1176
183 11 4 1133 1143
183 11 3 1182 1192
183 16 5 1193 1208
183 16 5 1117 1132
183 23 7 1348 1370
183 11 4 1332 1342
183 11 3 1376 1386
183 16 5 1387 1402
183 16 5 1316 1331
183 27 12 1450 1476
183 11 4 1434 1444
183 11 3 1482 1492
183 16 5 1418 1433
184 25 1 241 265
184 11 4 225 235
184 11 3 271 281
184 16 5 282 297
184 16 5 209 224
184 33 0 344 376
184 11 4 328 338
184 11 3 382 392
184 16 5 393 408
184 16 5 312 327
184 37 8 452 488
184 11 4 436 446
184 11 3 494 504
184 16 5 505 520
184 16 5 420 435
184 19 11 561 579
184 11 4 545 555
184 11 3 585 595
184 16 5 596 611
184 16 5 529 544
184 21 10 745 765
184 11 4 729 739
184 11 3 771 781
184 16 5 782 797
184 16 5 713 728
184 29 6 955 983
184 11 4 939 949
184 11 3 989 999
184 16 5 1000 1015
184 16 5 923 938
184 15 2 1081 1095
184 11 4 1065 1075
184 11 3 1101 1111
184 16 5 1112 1127
184 16 5 1049 1064
184 48 12 1236 1283
184 11 4 1220 1230
184 11 3 1289 1299
184 16 5 1300 1315
184 16 5 1204 1219
184 38 7 1357 1394
184 11 4 1341 1351
184 11 3 1400 1410
184 16 5 1411 1426
184 16 5 1325 1340
184 25 9 1467 1491
184 11 4 1451 1461
184 16 5 1435 1450
185 16 1 47 62
185 11 4 31 41
185 11 3 68 78
185 16 5 79 94
185 16 5 15 30
185 23 8 150 172
185 11 4 134 144
185 11 3 178 188
185 16 5 189 204
185 16 5 118 133
185 23 0 249 271
185 11 4 233 243
185 11 3 277 287
185 16 5 288 303
185 16 5 217 232
185 24 6 468 491
185 11 4 452 462
185 11 3 497 507
185 16 5 508 523
185 16 5 436 451
185 16 11 757 772
185 11 4 741 751
185 11 3 778 788
185 16 5 789 804
185 16 5 725 740
185 14 12 967 980
185 11 4 951 961
185 11 3 986 996
185 16 5 997 1012
185 16 5 935 950
185 18 7 1055 1072
185 11 4 1039 1049
185 11 3 1078 1088
185 16 5 1089 1104
185 16 5 1023 1038
185 22 9 1170 1191
185 11 4 1154 1164
185 11 3 1197 1207
185 16 5 1208 1223
185 16 5 1138 1153
185 27 2 1264 1290
185 11 4 1248 1258
185 11 3 1296 1306
185 16 5 1307 1322
185 16 5 1232 1247
185 24 10 1464 1487
185 11 4 1448 1458
185 16 5 1432 1447
186 23 6 43 65
186 11 4 27 37
186 11 3 71 81
186 16 5 82 97
186 16 5 11 26
186 28 2 146 173
186 11 4 130 140
186 11 3 179 189
186 16 5 190 205
186 16 5 114 129
186 28 11 545 572
186 11 4 529 539
186 11 3 578 588
186 16 5 589 604
186 16 5 513 528
186 27 7 649 675
186 11 4 633 643
186 11 3 681 691
186 16 5 692 707
186 16 5 617 632
186 20 9 746 765
186 11 4 730 740
186 11 3 771 781
186 16 5 782 797
186 16 5 714 729
186 27 12 845 871
186 11 4 829 839
186 11 3 877 887
186 16 5 888 903
186 16 5 813 828
186 26 8 946 971
186 11 4 930 940
186 11 3 977 987
186 16 5 988 1003
186 16 5 914 929
186 29 0 1043 1071
186 11 4 1027 1037
186 11 3 1077 1087
186 16 5 1088 1103
186 16 5 1011 1026
186 25 10 1144 1168
186 11 4 1128 1138
186 11 3 1174 1184
186 16 5 1185 1200
186 16 5 1112 1127
186 20 1 1252 1271
186 11 4 1236 1246
186 11 3 1277 1287
186 16 5 1288 1303
186 16 5 1220 1235
187 25 2 250 274
187 11 4 234 244
187 11 3 280 290
187 16 5 291 306
187 16 5 218 233
187 25 1 446 470
187 11 4 430 440
187 11 3 476 486
187 16 5 487 502
187 16 5 414 429
187 29 0 544 572
187 11 4 528 538
187 11 3 578 588
187 16 5 589 604
187 16 5 512 527
187 21 9 848 868
187 11 4 832 842
187 11 3 874 884
187 16 5 885 900
187 16 5 816 831
187 34 6 946 979
187 11 4 930 940
187 11 3 985 995
187 16 5 996 1011
187 16 5 914 929
187 33 7 1045 1077
187 11 4 1029 1039
187 11 3 1083 1093
187 16 5 1094 1109
187 16 5 1013 1028
187 34 12 1145 1178
187 11 4 1129 1139
187 11 3 1184 1194
187 16 5 1195 1210
187 16 5 1113 1128
187 15 10 1253 1267
187 11 4 1237 1247
187 11 3 1273 1283
187 16 5 1284 1299
187 16 5 1221 1236
187 23 11 1345 1367
187 11 4 1329 1339
187 11 3 1373 1383
187 16 5 1384 1399
187 16 5 1313 1328
187 30 8 1445 1474
187 11 4 1429 1439
187 11 3 1480 1490
187 16 5 1413 1428
188 16 8 49 64
188 11 4 33 43
188 11 3 70 80
188 16 5 81 96
188 16 5 17 32
188 22 6 350 371
188 11 4 334 344
188 11 3 377 387
188 16 5 388 403
188 16 5 318 333
188 21 11 446 466
188 11 4 430 440
188 11 3 472 482
188 16 5 483 498
188 16 5 414 429
188 28 10 549 576
188 11 4 533 543
188 11 3 582 592
188 16 5 593 608
188 16 5 517 532
188 33 7 643 675
188 11 4 627 637
188 11 3 681 691
188 16 5 692 707
188 16 5 611 626
188 17 9 749 765
188 11 4 733 743
188 11 3 771 781
188 16 5 782 797
188 16 5 717 732
188 29 0 1148 1176
188 11 4 1132 1142
188 11 3 1182 1192
188 16 5 1193 1208
188 16 5 1116 1131
188 36 2 1245 1280
188 11 4 1229 1239
188 11 3 1286 1296
188 16 5 1297 1312
188 16 5 1213 1228
188 38 1 1343 1380
188 11 4 1327 1337
188 11 3 1386 1396
188 16 5 1397 1412
188 16 5 1311 1326
188 30 12 1451 1480
188 11 4 1435 1445
188 11 3 1486 1496
188 16 5 1419 1434
189 30 8 143 172
189 11 4 127 137
189 11 3 178 188
189 16 5 189 204
189 16 5 111 126
189 34 1 338 371
189 11 4 322 332
189 11 3 377 387
189 16 5 388 403
189 16 5 306 321
189 33 2 453 485
189 11 4 437 447
189 11 3 491 501
189 16 5 502 517
189 16 5 421 436
189 26 9 638 663
189 11 4 622 632
189 11 3 669 679
189 16 5 680 695
189 16 5 606 621
189 23 10 746 768
189 11 4 730 740
189 11 3 774 784
189 16 5 785 800
189 16 5 714 729
189 23 7 846 868
189 11 4 830 840
189 11 3 874 884
189 16 5 885 900
189 16 5 814 829
189 28 12 946 973
189 11 4 930 940
189 11 3 979 989
189 16 5 990 1005
189 16 5 914 929
189 23 11 1045 1067
189 11 4 1029 1039
189 11 3 1073 1083
189 16 5 1084 1099
189 16 5 1013 1028
189 37 6 1142 1178
189 11 4 1126 1136
189 11 3 1184 1194
189 16 5 1195 1210
189 16 5 1110 1125
189 33 0 1346 1378
189 11 4 1330 1340
189 11 3 1384 1394
189 16 5 1395 1410
189 16 5 1314 1329
190 25 2 45 69
190 11 4 29 39
190 11 3 75 85
190 16 5 86 101
190 16 5 13 28
190 36 12 140 175
190 11 4 124 134
190 11 3 181 191
190 16 5 192 207
190 16 5 108 123
190 28 7 245 272
190 11 4 229 239
190 11 3 278 288
190 16 5 289 304
190 16 5 213 228
190 23 10 450 472
190 11 4 434 444
190 11 3 478 488
190 16 5 489 504
190 16 5 418 433
190 27 1 546 572
190 11 4 530 540
190 11 3 578 588
190 16 5 589 604
190 16 5 514 529
190 30 0 741 770
190 11 4 725 735
190 11 3 776 786
190 16 5 787 802
190 16 5 709 724
190 34 11 943 976
190 11 4 927 937
190 11 3 982 992
190 16 5 993 1008
190 16 5 911 926
190 29 6 1245 1273
190 11 4 1229 1239
190 11 3 1279 1289
190 16 5 1290 1305
190 16 5 1213 1228
190 13 9 1351 1363
190 11 4 1335 1345
190 11 3 1369 1379
190 16 5 1380 1395
190 16 5 1319 1334
190 34 8 1444 1477
190 11 4 1428 1438
190 11 3 1483 1493
190 16 5 1412 1427
191 17 10 50 66
191 11 4 34 44
191 11 3 72 82
191 16 5 83 98
191 16 5 18 33
191 31 11 140 170
191 11 4 124 134
191 11 3 176 186
191 16 5 187 202
191 16 5 108 123
191 26 6 443 468
191 11 4 427 437
191 11 3 474 484
191 16 5 485 500
191 16 5 411 426
191 24 9 550 573
191 11 4 534 544
191 11 3 579 589
191 16 5 590 605
191 16 5 518 533
191 43 8 944 986
191 11 4 928 938
191 11 3 992 1002
191 16 5 1003 1018
191 16 5 912 927
191 33 1 1043 1075
191 11 4 1027 1037
191 11 3 1081 1091
191 16 5 1092 1107
191 16 5 1011 1026
191 36 7 1140 1175
191 11 4 1124 1134
191 11 3 1181 1191
191 16 5 1192 1207
191 16 5 1108 1123
191 36 2 1245 1280
191 11 4 1229 1239
191 11 3 1286 1296
191 16 5 1297 1312
191 16 5 1213 1228
191 29 12 1348 1376
191 11 4 1332 1342
191 11 3 1382 1392
191 16 5 1393 1408
191 16 5 1316 1331
191 25 0 1446 1470
191 11 4 1430 1440
191 11 3 1476 1486
191 16 5 1414 1429
192 40 12 241 280
192 11 4 225 235
192 11 3 286 296
192 16 5 297 312
192 16 5 209 224
192 37 0 446 482
192 11 4 430 440
192 11 3 488 498
192 16 5 499 514
192 16 5 414 429
192 36 2 650 685
192 11 4 634 644
192 11 3 691 701
192 16 5 702 717
192 16 5 618 633
192 37 6 844 880
192 11 4 828 838
192 11 3 886 896
192 16 5 897 912
192 16 5 812 827
192 42 8 944 985
192 11 4 928 938
192 11 3 991 1001
192 16 5 1002 1017
192 16 5 912 927
192 41 11 1050 1090
192 11 4 1034 1044
192 11 3 1096 1106
192 16 5 1107 1122
192 16 5 1018 1033
192 22 1 1147 1168
192 11 4 1131 1141
192 11 3 1174 1184
192 16 5 1185 1200
192 16 5 1115 1130
192 19 9 1252 1270
192 11 4 1236 1246
192 11 3 1276 1286
192 16 5 1287 1302
192 16 5 1220 1235
192 26 7 1346 1371
192 11 4 1330 1340
192 11 3 1377 1387
192 16 5 1388 1403
192 16 5 1314 1329
192 31 10 1445 1475
192 11 4 1429 1439
192 11 3 1481 1491
192 16 5 1413 1428
193 23 0 42 64
193 11 4 26 36
193 11 3 70 80
193 16 5 81 96
193 16 5 10 25
193 35 7 135 169
193 11 4 119 129
193 11 3 175 185
193 16 5 186 201
193 16 5 103 118
193 35 6 241 275
193 11 4 225 235
193 11 3 281 291
193 16 5 292 307
193 16 5 209 224
193 37 11 341 377
193 11 4 325 335
193 11 3 383 393
193 16 5 394 409
193 16 5 309 324
193 30 9 550 579
193 11 4 534 544
193 11 3 585 595
193 16 5 596 611
193 16 5 518 533
193 32 1 744 775
193 11 4 728 738
193 11 3 781 791
193 16 5 792 807
193 16 5 712 727
193 37 12 945 981
193 11 4 929 939
193 11 3 987 997
193 16 5 998 1013
193 16 5 913 928
193 15 10 1161 1175
193 11 4 1145 1155
193 11 3 1181 1191
193 16 5 1192 1207
193 16 5 1129 1144
193 36 8 1342 1377
193 11 4 1326 1336
193 11 3 1383 1393
193 16 5 1394 1409
193 16 5 1310 1325
193 31 2 1446 1476
193 11 4 1430 1440
193 11 3 1482 1492
193 16 5 1414 1429
194 30 2 40 69
194 11 4 24 34
194 11 3 75 85
194 16 5 86 101
194 16 5 8 23
194 23 9 447 469
194 11 4 431 441
194 11 3 475 485
194 16 5 486 501
194 16 5 415 430
194 37 10 542 578
194 11 4 526 536
194 11 3 584 594
194 16 5 595 610
194 16 5 510 525
194 38 11 645 682
194 11 4 629 639
194 11 3 688 698
194 16 5 699 714
194 16 5 613 628
194 34 12 744 777
194 11 4 728 738
194 11 3 783 793
194 16 5 794 809
194 16 5 712 727
194 26 0 950 975
194 11 4 934 944
194 11 3 981 991
194 16 5 992 1007
194 16 5 918 933
194 29 7 1050 1078
194 11 4 1034 1044
194 11 3 1084 1094
194 16 5 1095 1110
194 16 5 1018 1033
194 29 1 1146 1174
194 11 4 1130 1140
194 11 3 1180 1190
194 16 5 1191 1206
194 16 5 1114 1129
194 31 6 1242 1272
194 11 4 1226 1236
194 11 3 1278 1288
194 16 5 1289 1304
194 16 5 1210 1225
194 28 8 1349 1376
194 11 4 1333 1343
194 11 3 1382 1392
194 16 5 1393 1408
194 16 5 1317 1332
195 17 12 50 66
195 11 4 34 44
195 11 3 72 82
195 16 5 83 98
195 16 5 18 33
195 34 7 140 173
195 11 4 124 134
195 11 3 179 189
195 16 5 190 205
195 16 5 108 123
195 31 9 250 280
195 11 4 234 244
195 11 3 286 296
195 16 5 297 312
195 16 5 218 233
195 29 8 346 374
195 11 4 330 340
195 11 3 380 390
195 16 5 391 406
195 16 5 314 329
195 35 11 445 479
195 11 4 429 439
195 11 3 485 495
195 16 5 496 511
195 16 5 413 428
195 30 2 545 574
195 11 4 529 539
195 11 3 580 590
195 16 5 591 606
195 16 5 513 528
195 24 1 747 770
195 11 4 731 741
195 11 3 776 786
195 16 5 787 802
195 16 5 715 730
195 36 0 844 879
195 11 4 828 838
195 11 3 885 895
195 16 5 896 911
195 16 5 812 827
195 30 6 1253 1282
195 11 4 1237 1247
195 11 3 1288 1298
195 16 5 1299 1314
195 16 5 1221 1236
195 17 10 1361 1377
195 11 4 1345 1355
195 11 3 1383 1393
195 16 5 1394 1409
195 16 5 1329 1344
196 36 2 251 286
196 11 4 235 245
196 11 3 292 302
196 16 5 303 318
196 16 5 219 234
196 25 1 354 378
196 11 4 338 348
196 11 3 384 394
196 16 5 395 410
196 16 5 322 337
196 30 11 553 582
196 11 4 537 547
196 11 3 588 598
196 16 5 599 614
196 16 5 521 536
196 28 10 653 680
196 11 4 637 647
196 11 3 686 696
196 16 5 697 712
196 16 5 621 636
196 33 0 751 783
196 11 4 735 745
196 11 3 789 799
196 16 5 800 815
196 16 5 719 734
196 28 6 950 977
196 11 4 934 944
196 11 3 983 993
196 16 5 994 1009
196 16 5 918 933
196 23 9 1047 1069
196 11 4 1031 1041
196 11 3 1075 1085
196 16 5 1086 1101
196 16 5 1015 1030
196 31 7 1151 1181
196 11 4 1135 1145
196 11 3 1187 1197
196 16 5 1198 1213
196 16 5 1119 1134
196 28 12 1355 1382
196 11 4 1339 1349
196 11 3 1388 1398
196 16 5 1399 1414
196 16 5 1323 1338
196 35 8 1446 1480
196 11 4 1430 1440
196 11 3 1486 1496
196 16 5 1414 1429
243 21 12 140 160
243 11 4 124 134
243 11 3 166 176
243 16 5 177 192
243 16 5 108 123
243 31 9 340 370
243 11 4 324 334
243 11 3 376 386
243 16 5 387 402
243 16 5 308 323
243 23 10 444 466
243 11 4 428 438
243 11 3 472 482
243 16 5 483 498
243 16 5 412 427
243 33 2 740 772
243 11 4 724 734
243 11 3 778 788
243 16 5 789 804
243 16 5 708 723
243 43 7 947 989
243 11 4 931 941
243 11 3 995 1005
243 16 5 1006 1021
243 16 5 915 930
243 37 11 1041 1077
243 11 4 1025 1035
243 11 3 1083 1093
243 16 5 1094 1109
243 16 5 1009 1024
243 35 6 1143 1177
243 11 4 1127 1137
243 11 3 1183 1193
243 16 5 1194 1209
243 16 5 1111 1126
243 39 8 1243 1281
243 11 4 1227 1237
243 11 3 1287 1297
243 16 5 1298 1313
243 16 5 1211 1226
243 42 1 1347 1388
243 11 4 1331 1341
243 11 3 1394 1404
243 16 5 1405 1420
243 16 5 1315 1330
243 44 0 1443 1486
243 11 4 1427 1437
243 16 5 1411 1426
244 25 7 136 160
244 11 4 120 130
244 11 3 166 176
244 16 5 177 192
244 16 5 104 119
244 21 0 343 363
244 11 4 327 337
244 11 3 369 379
244 16 5 380 395
244 16 5 311 326
244 36 12 641 676
244 11 4 625 635
244 11 3 682 692
244 16 5 693 708
244 16 5 609 624
244 30 2 740 769
244 11 4 724 734
244 11 3 775 785
244 16 5 786 801
244 16 5 708 723
244 34 1 841 874
244 11 4 825 835
244 11 3 880 890
244 16 5 891 906
244 16 5 809 824
244 41 9 948 988
244 11 4 932 942
244 11 3 994 1004
244 16 5 1005 1020
244 16 5 916 931
244 35 11 1048 1082
244 11 4 1032 1042
244 11 3 1088 1098
244 16 5 1099 1114
244 16 5 1016 1031
244 37 6 1142 1178
244 11 4 1126 1136
244 11 3 1184 1194
244 16 5 1195 1210
244 16 5 1110 1125
244 52 8 1248 1299
244 11 4 1232 1242
244 11 3 1305 1315
244 16 5 1316 1331
244 16 5 1216 1231
244 46 10 1442 1487
244 11 4 1426 1436
244 16 5 1410 1425
245 33 0 42 74
245 11 4 26 36
245 11 3 80 90
245 16 5 91 106
245 16 5 10 25
245 24 11 142 165
245 11 4 126 136
245 11 3 171 181
245 16 5 182 197
245 16 5 110 125
245 27 9 234 260
245 11 4 218 228
245 11 3 266 276
245 16 5 277 292
245 16 5 202 217
245 23 2 337 359
245 11 4 321 331
245 11 3 365 375
245 16 5 376 391
245 16 5 305 320
245 32 8 550 581
245 11 4 534 544
245 11 3 587 597
245 16 5 598 613
245 16 5 518 533
245 30 12 639 668
245 11 4 623 633
245 11 3 674 684
245 16 5 685 700
245 16 5 607 622
245 31 7 740 770
245 11 4 724 734
245 11 3 776 786
245 16 5 787 802
245 16 5 708 723
245 36 6 936 971
245 11 4 920 930
245 11 3 977 987
245 16 5 988 1003
245 16 5 904 919
245 28 10 1136 1163
245 11 4 1120 1130
245 11 3 1169 1179
245 16 5 1180 1195
245 16 5 1104 1119
245 30 1 1438 1467
245 11 4 1422 1432
245 11 3 1473 1483
245 16 5 1484 1499
245 16 5 1406 1421
246 48 0 143 190
246 11 4 127 137
246 11 3 196 206
246 16 5 207 222
246 16 5 111 126
246 29 9 235 263
246 11 4 219 229
246 11 3 269 279
246 16 5 280 295
246 16 5 203 218
246 36 12 438 473
246 11 4 422 432
246 11 3 479 489
246 16 5 490 505
246 16 5 406 421
246 57 10 537 593
246 11 4 521 531
246 11 3 599 609
246 16 5 610 625
246 16 5 505 520
246 46 1 648 693
246 11 4 632 642
246 11 3 699 709
246 16 5 710 725
246 16 5 616 631
246 35 2 936 970
246 11 4 920 930
246 11 3 976 986
246 16 5 987 1002
246 16 5 904 919
246 13 6 1153 1165
246 11 4 1137 1147
246 11 3 1171 1181
246 16 5 1182 1197
246 16 5 1121 1136
246 54 8 1240 1293
246 11 4 1224 1234
246 11 3 1299 1309
246 16 5 1310 1325
246 16 5 1208 1223
246 40 7 1338 1377
246 11 4 1322 1332
246 11 3 1383 1393
246 16 5 1394 1409
246 16 5 1306 1321
246 49 11 1436 1484
246 11 4 1420 1430
246 16 5 1404 1419
247 34 8 39 72
247 11 4 23 33
247 11 3 78 88
247 16 5 89 104
247 16 5 7 22
247 34 0 347 380
247 11 4 331 341
247 11 3 386 396
247 16 5 397 412
247 16 5 315 330
247 23 1 442 464
247 11 4 426 436
247 11 3 470 480
247 16 5 481 496
247 16 5 410 425
247 48 10 553 600
247 11 4 537 547
247 11 3 606 616
247 16 5 617 632
247 16 5 521 536
247 37 2 637 673
247 11 4 621 631
247 11 3 679 689
247 16 5 690 705
247 16 5 605 620
247 44 9 732 775
247 11 4 716 726
247 11 3 781 791
247 16 5 792 807
247 16 5 700 715
247 47 6 836 882
247 11 4 820 830
247 11 3 888 898
247 16 5 899 914
247 16 5 804 819
247 39 12 1039 1077
247 11 4 1023 1033
247 11 3 1083 1093
247 16 5 1094 1109
247 16 5 1007 1022
247 35 11 1334 1368
247 11 4 1318 1328
247 11 3 1374 1384
247 16 5 1385 1400
247 16 5 1302 1317
247 45 7 1439 1483
247 11 4 1423 1433
247 11 3 1489 1499
247 16 5 1407 1422
252 30 9 50 79
252 11 4 34 44
252 11 3 85 95
252 16 5 96 111
252 16 5 18 33
252 38 2 244 281
252 11 4 228 238
252 11 3 287 297
252 16 5 298 313
252 16 5 212 227
252 51 7 545 595
252 11 4 529 539
252 11 3 601 611
252 16 5 612 627
252 16 5 513 528
252 32 0 644 675
252 11 4 628 638
252 11 3 681 691
252 16 5 692 707
252 16 5 612 627
252 39 10 734 772
252 11 4 718 728
252 11 3 778 788
252 16 5 789 804
252 16 5 702 717
252 40 11 838 877
252 11 4 822 832
252 11 3 883 893
252 16 5 894 909
252 16 5 806 821
252 34 12 1151 1184
252 11 4 1135 1145
252 11 3 1190 1200
252 16 5 1201 1216
252 16 5 1119 1134
252 51 8 1241 1291
252 11 4 1225 1235
252 11 3 1297 1307
252 16 5 1308 1323
252 16 5 1209 1224
252 44 6 1340 1383
252 11 4 1324 1334
252 11 3 1389 1399
252 16 5 1400 1415
252 16 5 1308 1323
252 45 1 1443 1487
252 11 4 1427 1437
252 16 5 1411 1426
253 31 12 46 76
253 11 4 30 40
253 11 3 82 92
253 16 5 93 108
253 16 5 14 29
253 29 8 142 170
253 11 4 126 136
253 11 3 176 186
253 16 5 187 202
253 16 5 110 125
253 29 11 241 269
253 11 4 225 235
253 11 3 275 285
253 16 5 286 301
253 16 5 209 224
253 34 10 353 386
253 11 4 337 347
253 11 3 392 402
253 16 5 403 418
253 16 5 321 336
253 23 1 549 571
253 11 4 533 543
253 11 3 577 587
253 16 5 588 603
253 16 5 517 532
253 37 7 644 680
253 11 4 628 638
253 11 3 686 696
253 16 5 697 712
253 16 5 612 627
253 27 2 949 975
253 11 4 933 943
253 11 3 981 991
253 16 5 992 1007
253 16 5 917 932
253 43 9 1045 1087
253 11 4 1029 1039
253 11 3 1093 1103
253 16 5 1104 1119
253 16 5 1013 1028
253 36 6 1146 1181
253 11 4 1130 1140
253 11 3 1187 1197
253 16 5 1198 1213
253 16 5 1114 1129
253 35 0 1251 1285
253 11 4 1235 1245
253 11 3 1291 1301
253 16 5 1302 1317
253 16 5 1219 1234
254 23 9 54 76
254 11 4 38 48
254 11 3 82 92
254 16 5 93 108
254 16 5 22 37
254 44 2 245 288
254 11 4 229 239
254 11 3 294 304
254 16 5 305 320
254 16 5 213 228
254 35 7 345 379
254 11 4 329 339
254 11 3 385 395
254 16 5 396 411
254 16 5 313 328
254 43 1 444 486
254 11 4 428 438
254 11 3 492 502
254 16 5 503 518
254 16 5 412 427
254 56 8 641 696
254 11 4 625 635
254 11 3 702 712
254 16 5 713 728
254 16 5 609 624
254 39 11 742 780
254 11 4 726 736
254 11 3 786 796
254 16 5 797 812
254 16 5 710 725
254 43 10 838 880
254 11 4 822 832
254 11 3 886 896
254 16 5 897 912
254 16 5 806 821
254 48 0 1152 1199
254 11 4 1136 1146
254 11 3 1205 1215
254 16 5 1216 1231
254 16 5 1120 1135
254 45 12 1252 1296
254 11 4 1236 1246
254 11 3 1302 1312
254 16 5 1313 1328
254 16 5 1220 1235
254 39 6 1441 1479
254 11 4 1425 1435
254 11 3 1485 1495
254 16 5 1409 1424
255 22 12 49 70
255 11 4 33 43
255 11 3 76 86
255 16 5 87 102
255 16 5 17 32
255 30 7 342 371
255 11 4 326 336
255 11 3 377 387
255 16 5 388 403
255 16 5 310 325
255 33 9 444 476
255 11 4 428 438
255 11 3 482 492
255 16 5 493 508
255 16 5 412 427
255 34 10 542 575
255 11 4 526 536
255 11 3 581 591
255 16 5 592 607
255 16 5 510 525
255 39 8 643 681
255 11 4 627 637
255 11 3 687 697
255 16 5 698 713
255 16 5 611 626
255 44 1 743 786
255 11 4 727 737
255 11 3 792 802
255 16 5 803 818
255 16 5 711 726
255 30 0 1047 1076
255 11 4 1031 1041
255 11 3 1082 1092
255 16 5 1093 1108
255 16 5 1015 1030
255 36 11 1145 1180
255 11 4 1129 1139
255 11 3 1186 1196
255 16 5 1197 1212
255 16 5 1113 1128
255 43 6 1337 1379
255 11 4 1321 1331
255 11 3 1385 1395
255 16 5 1396 1411
255 16 5 1305 1320
255 44 2 1449 1492
255 11 4 1433 1443
255 16 5 1417 1432
256 26 8 44 69
256 11 4 28 38
256 11 3 75 85
256 16 5 86 101
256 16 5 12 27
256 17 1 244 260
256 11 4 228 238
256 11 3 266 276
256 16 5 277 292
256 16 5 212 227
256 35 2 341 375
256 11 4 325 335
256 11 3 381 391
256 16 5 392 407
256 16 5 309 324
256 34 11 440 473
256 11 4 424 434
256 11 3 479 489
256 16 5 490 505
256 16 5 408 423
256 41 6 736 776
256 11 4 720 730
256 11 3 782 792
256 16 5 793 808
256 16 5 704 719
256 52 12 839 890
256 11 4 823 833
256 11 3 896 906
256 16 5 907 922
256 16 5 807 822
256 37 9 1052 1088
256 11 4 1036 1046
256 11 3 1094 1104
256 16 5 1105 1120
256 16 5 1020 1035
256 48 7 1148 1195
256 11 4 1132 1142
256 11 3 1201 1211
256 16 5 1212 1227
256 16 5 1116 1131
256 43 10 1243 1285
256 11 4 1227 1237
256 11 3 1291 1301
256 16 5 1302 1317
256 16 5 1211 1226
256 36 0 1454 1489
256 11 4 1438 1448
256 16 5 1422 1437
257 26 2 245 270
257 11 4 229 239
257 11 3 276 286
257 16 5 287 302
257 16 5 213 228
257 39 8 358 396
257 11 4 342 352
257 11 3 402 412
257 16 5 413 428
257 16 5 326 341
257 32 7 447 478
257 11 4 431 441
257 11 3 484 494
257 16 5 495 510
257 16 5 415 430
257 30 6 648 677
257 11 4 632 642
257 11 3 683 693
257 16 5 694 709
257 16 5 616 631
257 29 0 755 783
257 11 4 739 749
257 11 3 789 799
257 16 5 800 815
257 16 5 723 738
257 32 10 858 889
257 11 4 842 852
257 11 3 895 905
257 16 5 906 921
257 16 5 826 841
257 41 9 943 983
257 11 4 927 937
257 11 3 989 999
257 16 5 1000 1015
257 16 5 911 926
257 56 12 1139 1194
257 11 4 1123 1133
257 11 3 1200 1210
257 16 5 1211 1226
257 16 5 1107 1122
257 34 11 1345 1378
257 11 4 1329 1339
257 11 3 1384 1394
257 16 5 1395 1410
257 16 5 1313 1328
257 45 1 1455 1499
257 11 4 1439 1449
257 16 5 1423 1438
258 21 12 245 265
258 11 4 229 239
258 11 3 271 281
258 16 5 282 297
258 16 5 213 228
258 30 0 441 470
258 11 4 425 435
258 11 3 476 486
258 16 5 487 502
258 16 5 409 424
258 37 6 547 583
258 11 4 531 541
258 11 3 589 599
258 16 5 600 615
258 16 5 515 530
258 34 9 652 685
258 11 4 636 646
258 11 3 691 701
258 16 5 702 717
258 16 5 620 635
258 39 10 742 780
258 11 4 726 736
258 11 3 786 796
258 16 5 797 812
258 16 5 710 725
258 33 7 946 978
258 11 4 930 940
258 11 3 984 994
258 16 5 995 1010
258 16 5 914 929
258 47 8 1044 1090
258 11 4 1028 1038
258 11 3 1096 1106
258 16 5 1107 1122
258 16 5 1012 1027
258 56 2 1242 1297
258 11 4 1226 1236
258 11 3 1303 1313
258 16 5 1314 1329
258 16 5 1210 1225
258 46 1 1353 1398
258 11 4 1337 1347
258 11 3 1404 1414
258 16 5 1415 1430
258 16 5 1321 1336
258 48 11 1445 1492
258 11 4 1429 1439
258 16 5 1413 1428
1 24 11 145 168
1 11 4 129 139
1 11 3 174 184
1 16 5 185 200
1 16 5 113 128
1 33 6 241 273
1 11 4 225 235
1 11 3 279 289
1 16 5 290 305
1 16 5 209 224
1 31 1 341 371
1 11 4 325 335
1 11 3 377 387
1 16 5 388 403
1 16 5 309 324
1 24 2 456 479
1 11 4 440 450
1 11 3 485 495
1 16 5 496 511
1 16 5 424 439
1 32 8 544 575
1 11 4 528 538
1 11 3 581 591
1 16 5 592 607
1 16 5 512 527
1 33 12 645 677
1 11 4 629 639
1 11 3 683 693
1 16 5 694 709
1 16 5 613 628
1 22 0 857 878
1 11 4 841 851
1 11 3 884 894
1 16 5 895 910
1 16 5 825 840
1 20 7 1145 1164
1 11 4 1129 1139
1 11 3 1170 1180
1 16 5 1181 1196
1 16 5 1113 1128
1 24 9 1250 1273
1 11 4 1234 1244
1 11 3 1279 1289
1 16 5 1290 1305
1 16 5 1218 1233
1 28 10 1343 1370
1 11 4 1327 1337
1 11 3 1376 1386
1 16 5 1387 1402
1 16 5 1311 1326
2 22 11 40 61
2 11 4 24 34
2 11 3 67 77
2 16 5 78 93
2 16 5 8 23
2 26 7 137 162
2 11 4 121 131
2 11 3 168 178
2 16 5 179 194
2 16 5 105 120
2 28 8 341 368
2 11 4 325 335
2 11 3 374 384
2 16 5 385 400
2 16 5 309 324
2 25 12 450 474
2 11 4 434 444
2 11 3 480 490
2 16 5 491 506
2 16 5 418 433
2 30 6 546 575
2 11 4 530 540
2 11 3 581 591
2 16 5 592 607
2 16 5 514 529
2 22 1 739 760
2 11 4 723 733
2 11 3 766 776
2 16 5 777 792
2 16 5 707 722
2 28 10 844 871
2 11 4 828 838
2 11 3 877 887
2 16 5 888 903
2 16 5 812 827
2 25 9 1047 1071
2 11 4 1031 1041
2 11 3 1077 1087
2 16 5 1088 1103
2 16 5 1015 1030
2 29 0 1150 1178
2 11 4 1134 1144
2 11 3 1184 1194
2 16 5 1195 1210
2 16 5 1118 1133
2 26 2 1462 1487
2 11 4 1446 1456
2 16 5 1430 1445
25 30 8 145 174
25 11 4 129 139
25 11 3 180 190
25 16 5 191 206
25 16 5 113 128
25 25 9 252 276
25 11 4 236 246
25 11 3 282 292
25 16 5 293 308
25 16 5 220 235
25 25 0 352 376
25 11 4 336 346
25 11 3 382 392
25 16 5 393 408
25 16 5 320 335
25 31 2 448 478
25 11 4 432 442
25 11 3 484 494
25 16 5 495 510
25 16 5 416 431
25 28 6 648 675
25 11 4 632 642
25 11 3 681 691
25 16 5 692 707
25 16 5 616 631
25 23 12 849 871
25 11 4 833 843
25 11 3 877 887
25 16 5 888 903
25 16 5 817 832
25 21 7 1152 1172
25 11 4 1136 1146
25 11 3 1178 1188
25 16 5 1189 1204
25 16 5 1120 1135
25 130 1 1151 1280
25 11 4 1135 1145
25 11 3 1286 1296
25 16 5 1297 1312
25 16 5 1119 1134
25 29 10 1352 1380
25 11 4 1336 1346
25 11 3 1386 1396
25 16 5 1397 1412
25 16 5 1320 1335
25 32 11 1453 1484
25 11 4 1437 1447
25 16 5 1421 1436
26 25 11 52 76
26 11 4 36 46
26 11 3 82 92
26 16 5 93 108
26 16 5 20 35
26 28 8 147 174
26 11 4 131 141
26 11 3 180 190
26 16 5 191 206
26 16 5 115 130
26 29 0 447 475
26 11 4 431 441
26 11 3 481 491
26 16 5 492 507
26 16 5 415 430
26 18 10 553 570
26 11 4 537 547
26 11 3 576 586
26 16 5 587 602
26 16 5 521 536
26 34 2 744 777
26 11 4 728 738
26 11 3 783 793
26 16 5 794 809
26 16 5 712 727
26 27 6 946 972
26 11 4 930 940
26 11 3 978 988
26 16 5 989 1004
26 16 5 914 929
26 21 12 1050 1070
26 11 4 1034 1044
26 11 3 1076 1086
26 16 5 1087 1102
26 16 5 1018 1033
26 27 7 1152 1178
26 11 4 1136 1146
26 11 3 1184 1194
26 16 5 1195 1210
26 16 5 1120 1135
26 21 1 1253 1273
26 11 4 1237 1247
26 11 3 1279 1289
26 16 5 1290 1305
26 16 5 1221 1236
26 26 9 1350 1375
26 11 4 1334 1344
26 11 3 1381 1391
26 16 5 1392 1407
26 16 5 1318 1333
29 22 6 52 73
29 11 4 36 46
29 11 3 79 89
29 16 5 90 105
29 16 5 20 35
29 21 12 256 276
29 11 4 240 250
29 11 3 282 292
29 16 5 293 308
29 16 5 224 239
29 24 9 351 374
29 11 4 335 345
29 11 3 380 390
29 16 5 391 406
29 16 5 319 334
29 26 10 445 470
29 11 4 429 439
29 11 3 476 486
29 16 5 487 502
29 16 5 413 428
29 31 7 545 575
29 11 4 529 539
29 11 3 581 591
29 16 5 592 607
29 16 5 513 528
29 26 0 845 870
29 11 4 829 839
29 11 3 876 886
29 16 5 887 902
29 16 5 813 828
29 28 2 1056 1083
29 11 4 1040 1050
29 11 3 1089 1099
29 16 5 1100 1115
29 16 5 1024 1039
29 31 8 1247 1277
29 11 4 1231 1241
29 11 3 1283 1293
29 16 5 1294 1309
29 16 5 1215 1230
29 29 11 1352 1380
29 11 4 1336 1346
29 11 3 1386 1396
29 16 5 1397 1412
29 16 5 1320 1335
29 30 1 1445 1474
29 11 4 1429 1439
29 11 3 1480 1490
29 16 5 1413 1428
30 18 10 58 75
30 11 4 42 52
30 11 3 81 91
30 16 5 92 107
30 16 5 26 41
30 24 6 445 468
30 11 4 429 439
30 11 3 474 484
30 16 5 485 500
30 16 5 413 428
30 26 11 550 575
30 11 4 534 544
30 11 3 581 591
30 16 5 592 607
30 16 5 518 533
30 28 7 645 672
30 11 4 629 639
30 11 3 678 688
30 16 5 689 704
30 16 5 613 628
30 31 2 752 782
30 11 4 736 746
30 11 3 788 798
30 16 5 799 814
30 16 5 720 735
30 24 12 951 974
30 11 4 935 945
30 11 3 980 990
30 16 5 991 1006
30 16 5 919 934
30 28 1 1158 1185
30 11 4 1142 1152
30 11 3 1191 1201
30 16 5 1202 1217
30 16 5 1126 1141
30 28 0 1250 1277
30 11 4 1234 1244
30 11 3 1283 1293
30 16 5 1294 1309
30 16 5 1218 1233
30 24 8 1352 1375
30 11 4 1336 1346
30 11 3 1381 1391
30 16 5 1392 1407
30 16 5 1320 1335
30 29 9 1450 1478
30 11 4 1434 1444
30 11 3 1484 1494
30 16 5 1418 1433
33 21 7 38 58
33 11 4 22 32
33 11 3 64 74
33 16 5 75 90
33 16 5 6 21
33 22 12 142 163
33 11 4 126 136
33 11 3 169 179
33 16 5 180 195
33 16 5 110 125
33 30 0 242 271
33 11 4 226 236
33 11 3 277 287
33 16 5 288 303
33 16 5 210 225
33 26 10 350 375
33 11 4 334 344
33 11 3 381 391
33 16 5 392 407
33 16 5 318 333
33 23 8 445 467
33 11 4 429 439
33 11 3 473 483
33 16 5 484 499
33 16 5 413 428
33 25 11 648 672
33 11 4 632 642
33 11 3 678 688
33 16 5 689 704
33 16 5 616 631
33 29 2 948 976
33 11 4 932 942
33 11 3 982 992
33 16 5 993 1008
33 16 5 916 931
33 28 1 1240 1267
33 11 4 1224 1234
33 11 3 1273 1283
33 16 5 1284 1299
33 16 5 1208 1223
33 30 9 1346 1375
33 11 4 1330 1340
33 11 3 1381 1391
33 16 5 1392 1407
33 16 5 1314 1329
33 31 6 1445 1475
33 11 4 1429 1439
33 11 3 1481 1491
33 16 5 1413 1428
34 22 0 46 67
34 11 4 30 40
34 11 3 73 83
34 16 5 84 99
34 16 5 14 29
34 31 6 140 170
34 11 4 124 134
34 11 3 176 186
34 16 5 187 202
34 16 5 108 123
34 23 12 447 469
34 11 4 431 441
34 11 3 475 485
34 16 5 486 501
34 16 5 415 430
34 22 2 550 571
34 11 4 534 544
34 11 3 577 587
34 16 5 588 603
34 16 5 518 533
34 26 1 645 670
34 11 4 629 639
34 11 3 676 686
34 16 5 687 702
34 16 5 613 628
34 35 10 745 779
34 11 4 729 739
34 11 3 785 795
34 16 5 796 811
34 16 5 713 728
34 32 7 845 876
34 11 4 829 839
34 11 3 882 892
34 16 5 893 908
34 16 5 813 828
34 27 9 947 973
34 11 4 931 941
34 11 3 979 989
34 16 5 990 1005
34 16 5 915 930
34 29 11 1045 1073
34 11 4 1029 1039
34 11 3 1079 1089
34 16 5 1090 1105
34 16 5 1013 1028
34 29 8 1246 1274
34 11 4 1230 1240
34 11 3 1280 1290
34 16 5 1291 1306
34 16 5 1214 1229
139 33 2 144 176
139 11 4 128 138
139 11 3 182 192
139 16 5 193 208
139 16 5 112 127
139 27 6 245 271
139 11 4 229 239
139 11 3 277 287
139 16 5 288 303
139 16 5 213 228
139 27 1 341 367
139 11 4 325 335
139 11 3 373 383
139 16 5 384 399
139 16 5 309 324
139 23 9 447 469
139 11 4 431 441
139 11 3 475 485
139 16 5 486 501
139 16 5 415 430
139 24 11 543 566
139 11 4 527 537
139 11 3 572 582
139 16 5 583 598
139 16 5 511 526
139 28 12 840 867
139 11 4 824 834
139 11 3 873 883
139 16 5 884 899
139 16 5 808 823
139 29 7 940 968
139 11 4 924 934
139 11 3 974 984
139 16 5 985 1000
139 16 5 908 923
139 24 8 1148 1171
139 11 4 1132 1142
139 11 3 1177 1187
139 16 5 1188 1203
139 16 5 1116 1131
139 20 0 1244 1263
139 11 4 1228 1238
139 11 3 1269 1279
139 16 5 1280 1295
139 16 5 1212 1227
139 19 10 1347 1365
139 11 4 1331 1341
139 11 3 1371 1381
139 16 5 1382 1397
139 16 5 1315 1330
140 20 0 141 160
140 11 4 125 135
140 11 3 166 176
140 16 5 177 192
140 16 5 109 124
140 21 1 244 264
140 11 4 228 238
140 11 3 270 280
140 16 5 281 296
140 16 5 212 227
140 21 2 546 566
140 11 4 530 540
140 11 3 572 582
140 16 5 583 598
140 16 5 514 529
140 22 11 642 663
140 11 4 626 636
140 11 3 669 679
140 16 5 680 695
140 16 5 610 625
140 25 10 741 765
140 11 4 725 735
140 11 3 771 781
140 16 5 782 797
140 16 5 709 724
140 26 8 840 865
140 11 4 824 834
140 11 3 871 881
140 16 5 882 897
140 16 5 808 823
140 23 7 949 971
140 11 4 933 943
140 11 3 977 987
140 16 5 988 1003
140 16 5 917 932
140 25 6 1149 1173
140 11 4 1133 1143
140 11 3 1179 1189
140 16 5 1190 1205
140 16 5 1117 1132
140 31 12 1246 1276
140 11 4 1230 1240
140 11 3 1282 1292
140 16 5 1293 1308
140 16 5 1214 1229
140 17 9 1452 1468
140 11 4 1436 1446
140 11 3 1474 1484
140 16 5 1420 1435
141 15 12 43 57
141 11 4 27 37
141 11 3 63 73
141 16 5 74 89
141 16 5 11 26
141 21 6 142 162
141 11 4 126 136
141 11 3 168 178
141 16 5 179 194
141 16 5 110 125
141 17 10 245 261
141 11 4 229 239
141 11 3 267 277
141 16 5 278 293
141 16 5 213 228
141 19 8 445 463
141 11 4 429 439
141 11 3 469 479
141 16 5 480 495
141 16 5 413 428
141 29 0 537 565
141 11 4 521 531
141 11 3 571 581
141 16 5 582 597
141 16 5 505 520
141 24 2 642 665
141 11 4 626 636
141 11 3 671 681
141 16 5 682 697
141 16 5 610 625
141 24 7 743 766
141 11 4 727 737
141 11 3 772 782
141 16 5 783 798
141 16 5 711 726
141 19 9 851 869
141 11 4 835 845
141 11 3 875 885
141 16 5 886 901
141 16 5 819 834
141 21 1 1138 1158
141 11 4 1122 1132
141 11 3 1164 1174
141 16 5 1175 1190
141 16 5 1106 1121
141 19 11 1450 1468
141 11 4 1434 1444
141 11 3 1474 1484
141 16 5 1418 1433
142 24 0 150 173
142 11 4 134 144
142 11 3 179 189
142 16 5 190 205
142 16 5 118 133
142 20 9 256 275
142 11 4 240 250
142 11 3 281 291
142 16 5 292 307
142 16 5 224 239
142 18 8 348 365
142 11 4 332 342
142 11 3 371 381
142 16 5 382 397
142 16 5 316 331
142 22 11 451 472
142 11 4 435 445
142 11 3 478 488
142 16 5 489 504
142 16 5 419 434
142 25 2 549 573
142 11 4 533 543
142 11 3 579 589
142 16 5 590 605
142 16 5 517 532
142 27 12 844 870
142 11 4 828 838
142 11 3 876 886
142 16 5 887 902
142 16 5 812 827
142 14 1 950 963
142 11 4 934 944
142 11 3 969 979
142 16 5 980 995
142 16 5 918 933
142 21 7 1048 1068
142 11 4 1032 1042
142 11 3 1074 1084
142 16 5 1085 1100
142 16 5 1016 1031
142 28 6 1244 1271
142 11 4 1228 1238
142 11 3 1277 1287
142 16 5 1288 1303
142 16 5 1212 1227
142 20 10 1349 1368
142 11 4 1333 1343
142 11 3 1374 1384
142 16 5 1385 1400
142 16 5 1317 1332
23 43 12 64 106
23 11 4 48 58
23 11 3 112 122
23 16 5 123 138
23 16 5 32 47
23 24 2 170 193
23 11 4 154 164
23 11 3 199 209
23 16 5 210 225
23 16 5 138 153
23 22 8 260 281
23 11 4 244 254
23 11 3 287 297
23 16 5 298 313
23 16 5 228 243
23 25 9 365 389
23 11 4 349 359
23 11 3 395 405
23 16 5 406 421
23 16 5 333 348
23 20 7 660 679
23 11 4 644 654
23 11 3 685 695
23 16 5 696 711
23 16 5 628 643
23 23 0 755 777
23 11 4 739 749
23 11 3 783 793
23 16 5 794 809
23 16 5 723 738
23 23 10 860 882
23 11 4 844 854
23 11 3 888 898
23 16 5 899 914
23 16 5 828 843
23 20 11 953 972
23 11 4 937 947
23 11 3 978 988
23 16 5 989 1004
23 16 5 921 936
23 26 6 1148 1173
23 11 4 1132 1142
23 11 3 1179 1189
23 16 5 1190 1205
23 16 5 1116 1131
23 28 1 1460 1487
23 11 4 1444 1454
23 16 5 1428 1443
24 22 7 247 268
24 11 4 231 241
24 11 3 274 284
24 16 5 285 300
24 16 5 215 230
24 20 2 350 369
24 11 4 334 344
24 11 3 375 385
24 16 5 386 401
24 16 5 318 333
24 24 6 450 473
24 11 4 434 444
24 11 3 479 489
24 16 5 490 505
24 16 5 418 433
24 23 11 545 567
24 11 4 529 539
24 11 3 573 583
24 16 5 584 599
24 16 5 513 528
24 25 8 647 671
24 11 4 631 641
24 11 3 677 687
24 16 5 688 703
24 16 5 615 630
24 20 0 749 768
24 11 4 733 743
24 11 3 774 784
24 16 5 785 800
24 16 5 717 732
24 26 1 855 880
24 11 4 839 849
24 11 3 886 896
24 16 5 897 912
24 16 5 823 838
24 19 9 958 976
24 11 4 942 952
24 11 3 982 992
24 16 5 993 1008
24 16 5 926 941
24 25 10 1260 1284
24 11 4 1244 1254
24 11 3 1290 1300
24 16 5 1301 1316
24 16 5 1228 1243
24 23 12 1360 1382
24 11 4 1344 1354
24 11 3 1388 1398
24 16 5 1399 1414
24 16 5 1328 1343
27 28 0 63 90
27 11 4 47 57
27 11 3 96 106
27 16 5 107 122
27 16 5 31 46
27 18 9 173 190
27 11 4 157 167
27 11 3 196 206
27 16 5 207 222
27 16 5 141 156
27 20 6 348 367
27 11 4 332 342
27 11 3 373 383
27 16 5 384 399
27 16 5 316 331
27 25 8 660 684
27 11 4 644 654
27 11 3 690 700
27 16 5 701 716
27 16 5 628 643
27 24 1 752 775
27 11 4 736 746
27 11 3 781 791
27 16 5 792 807
27 16 5 720 735
27 24 12 855 878
27 11 4 839 849
27 11 3 884 894
27 16 5 895 910
27 16 5 823 838
27 23 7 954 976
27 11 4 938 948
27 11 3 982 992
27 16 5 993 1008
27 16 5 922 937
27 20 10 1179 1198
27 11 4 1163 1173
27 11 3 1204 1214
27 16 5 1215 1230
27 16 5 1147 1162
27 25 11 1368 1392
27 11 4 1352 1362
27 11 3 1398 1408
27 16 5 1409 1424
27 16 5 1336 1351
27 23 2 1453 1475
27 11 4 1437 1447
27 11 3 1481 1491
27 16 5 1421 1436
28 10 10 63 72
28 11 4 47 57
28 11 3 78 88
28 16 5 89 104
28 16 5 31 46
28 16 2 150 165
28 11 4 134 144
28 11 3 171 181
28 16 5 182 197
28 16 5 118 133
28 22 6 450 471
28 11 4 434 444
28 11 3 477 487
28 16 5 488 503
28 16 5 418 433
28 20 11 555 574
28 11 4 539 549
28 11 3 580 590
28 16 5 591 606
28 16 5 523 538
28 26 8 650 675
28 11 4 634 644
28 11 3 681 691
28 16 5 692 707
28 16 5 618 633
28 32 12 752 783
28 11 4 736 746
28 11 3 789 799
28 16 5 800 815
28 16 5 720 735
28 28 7 855 882
28 11 4 839 849
28 11 3 888 898
28 16 5 899 914
28 16 5 823 838
28 27 1 959 985
28 11 4 943 953
28 11 3 991 1001
28 16 5 1002 1017
28 16 5 927 942
28 20 9 1163 1182
28 11 4 1147 1157
28 11 3 1188 1198
28 16 5 1199 1214
28 16 5 1131 1146
28 18 0 1461 1478
28 11 4 1445 1455
28 11 3 1484 1494
28 16 5 1429 1444
205 26 11 45 70
205 11 4 29 39
205 11 3 76 86
205 16 5 87 102
205 16 5 13 28
205 60 0 236 295
205 11 4 220 230
205 11 3 301 311
205 16 5 312 327
205 16 5 204 219
205 19 10 455 473
205 11 4 439 449
205 11 3 479 489
205 16 5 490 505
205 16 5 423 438
205 26 2 547 572
205 11 4 531 541
205 11 3 578 588
205 16 5 589 604
205 16 5 515 530
205 26 6 744 769
205 11 4 728 738
205 11 3 775 785
205 16 5 786 801
205 16 5 712 727
205 13 9 1060 1072
205 11 4 1044 1054
205 11 3 1078 1088
205 16 5 1089 1104
205 16 5 1028 1043
205 23 12 1145 1167
205 11 4 1129 1139
205 11 3 1173 1183
205 16 5 1184 1199
205 16 5 1113 1128
205 24 8 1248 1271
205 11 4 1232 1242
205 11 3 1277 1287
205 16 5 1288 1303
205 16 5 1216 1231
205 24 7 1346 1369
205 11 4 1330 1340
205 11 3 1375 1385
205 16 5 1386 1401
205 16 5 1314 1329
205 21 1 1452 1472
205 11 4 1436 1446
205 11 3 1478 1488
205 16 5 1420 1435
206 21 11 348 368
206 11 4 332 342
206 11 3 374 384
206 16 5 385 400
206 16 5 316 331
206 31 2 443 473
206 11 4 427 437
206 11 3 479 489
206 16 5 490 505
206 16 5 411 426
206 26 10 543 568
206 11 4 527 537
206 11 3 574 584
206 16 5 585 600
206 16 5 511 526
206 26 8 643 668
206 11 4 627 637
206 11 3 674 684
206 16 5 685 700
206 16 5 611 626
206 29 12 745 773
206 11 4 729 739
206 11 3 779 789
206 16 5 790 805
206 16 5 713 728
206 22 0 962 983
206 11 4 946 956
206 11 3 989 999
206 16 5 1000 1015
206 16 5 930 945
206 23 1 1157 1179
206 11 4 1141 1151
206 11 3 1185 1195
206 16 5 1196 1211
206 16 5 1125 1140
206 23 6 1248 1270
206 11 4 1232 1242
206 11 3 1276 1286
206 16 5 1287 1302
206 16 5 1216 1231
206 24 9 1351 1374
206 11 4 1335 1345
206 11 3 1380 1390
206 16 5 1391 1406
206 16 5 1319 1334
206 26 7 1449 1474
206 11 4 1433 1443
206 11 3 1480 1490
206 16 5 1417 1432
207 27 10 58 84
207 11 4 42 52
207 11 3 90 100
207 16 5 101 116
207 16 5 26 41
207 21 2 155 175
207 11 4 139 149
207 11 3 181 191
207 16 5 192 207
207 16 5 123 138
207 29 8 244 272
207 11 4 228 238
207 11 3 278 288
207 16 5 289 304
207 16 5 212 227
207 34 11 342 375
207 11 4 326 336
207 11 3 381 391
207 16 5 392 407
207 16 5 310 325
207 29 1 555 583
207 11 4 539 549
207 11 3 589 599
207 16 5 600 615
207 16 5 523 538
207 33 6 653 685
207 11 4 637 647
207 11 3 691 701
207 16 5 702 717
207 16 5 621 636
207 38 12 751 788
207 11 4 735 745
207 11 3 794 804
207 16 5 805 820
207 16 5 719 734
207 33 7 951 983
207 11 4 935 945
207 11 3 989 999
207 16 5 1000 1015
207 16 5 919 934
207 41 0 1047 1087
207 11 4 1031 1041
207 11 3 1093 1103
207 16 5 1104 1119
207 16 5 1015 1030
207 28 9 1456 1483
207 11 4 1440 1450
207 11 3 1489 1499
207 16 5 1424 1439
208 18 12 49 66
208 11 4 33 43
208 11 3 72 82
208 16 5 83 98
208 16 5 17 32
208 18 2 252 269
208 11 4 236 246
208 11 3 275 285
208 16 5 286 301
208 16 5 220 235
208 29 11 450 478
208 11 4 434 444
208 11 3 484 494
208 16 5 495 510
208 16 5 418 433
208 34 10 545 578
208 11 4 529 539
208 11 3 584 594
208 16 5 595 610
208 16 5 513 528
208 30 9 751 780
208 11 4 735 745
208 11 3 786 796
208 16 5 797 812
208 16 5 719 734
208 30 6 850 879
208 11 4 834 844
208 11 3 885 895
208 16 5 896 911
208 16 5 818 833
208 27 7 1046 1072
208 11 4 1030 1040
208 11 3 1078 1088
208 16 5 1089 1104
208 16 5 1014 1029
208 31 0 1141 1171
208 11 4 1125 1135
208 11 3 1177 1187
208 16 5 1188 1203
208 16 5 1109 1124
208 31 8 1248 1278
208 11 4 1232 1242
208 11 3 1284 1294
208 16 5 1295 1310
208 16 5 1216 1231
208 31 1 1345 1375
208 11 4 1329 1339
208 11 3 1381 1391
208 16 5 1392 1407
208 16 5 1313 1328
93 16 9 162 177
93 11 4 146 156
93 11 3 183 193
93 16 5 194 209
93 16 5 130 145
93 16 8 247 262
93 11 4 231 241
93 11 3 268 278
93 16 5 279 294
93 16 5 215 230
93 20 6 339 358
93 11 4 323 333
93 11 3 364 374
93 16 5 375 390
93 16 5 307 322
93 19 7 547 565
93 11 4 531 541
93 11 3 571 581
93 16 5 582 597
93 16 5 515 530
93 26 2 650 675
93 11 4 634 644
93 11 3 681 691
93 16 5 692 707
93 16 5 618 633
93 19 1 858 876
93 11 4 842 852
93 11 3 882 892
93 16 5 893 908
93 16 5 826 841
93 27 11 947 973
93 11 4 931 941
93 11 3 979 989
93 16 5 990 1005
93 16 5 915 930
93 24 10 1055 1078
93 11 4 1039 1049
93 11 3 1084 1094
93 16 5 1095 1110
93 16 5 1023 1038
93 26 0 1255 1280
93 11 4 1239 1249
93 11 3 1286 1296
93 16 5 1297 1312
93 16 5 1223 1238
93 31 12 1350 1380
93 11 4 1334 1344
93 11 3 1386 1396
93 16 5 1397 1412
93 16 5 1318 1333
94 17 10 158 174
94 11 4 142 152
94 11 3 180 190
94 16 5 191 206
94 16 5 126 141
94 18 9 250 267
94 11 4 234 244
94 11 3 273 283
94 16 5 284 299
94 16 5 218 233
94 22 12 551 572
94 11 4 535 545
94 11 3 578 588
94 16 5 589 604
94 16 5 519 534
94 20 7 643 662
94 11 4 627 637
94 11 3 668 678
94 16 5 679 694
94 16 5 611 626
94 21 8 748 768
94 11 4 732 742
94 11 3 774 784
94 16 5 785 800
94 16 5 716 731
94 22 1 846 867
94 11 4 830 840
94 11 3 873 883
94 16 5 884 899
94 16 5 814 829
94 20 2 1158 1177
94 11 4 1142 1152
94 11 3 1183 1193
94 16 5 1194 1209
94 16 5 1126 1141
94 30 6 1244 1273
94 11 4 1228 1238
94 11 3 1279 1289
94 16 5 1290 1305
94 16 5 1212 1227
94 27 11 1350 1376
94 11 4 1334 1344
94 11 3 1382 1392
94 16 5 1393 1408
94 16 5 1318 1333
94 25 0 1449 1473
94 11 4 1433 1443
94 11 3 1479 1489
94 16 5 1417 1432
95 15 11 65 79
95 11 4 49 59
95 11 3 85 95
95 16 5 96 111
95 16 5 33 48
95 18 0 347 364
95 11 4 331 341
95 11 3 370 380
95 16 5 381 396
95 16 5 315 330
95 20 8 445 464
95 11 4 429 439
95 11 3 470 480
95 16 5 481 496
95 16 5 413 428
95 31 1 545 575
95 11 4 529 539
95 11 3 581 591
95 16 5 592 607
95 16 5 513 528
95 21 6 652 672
95 11 4 636 646
95 11 3 678 688
95 16 5 689 704
95 16 5 620 635
95 20 10 761 780
95 11 4 745 755
95 11 3 786 796
95 16 5 797 812
95 16 5 729 744
95 15 9 1060 1074
95 11 4 1044 1054
95 11 3 1080 1090
95 16 5 1091 1106
95 16 5 1028 1043
95 24 12 1143 1166
95 11 4 1127 1137
95 11 3 1172 1182
95 16 5 1183 1198
95 16 5 1111 1126
95 19 2 1253 1271
95 11 4 1237 1247
95 11 3 1277 1287
95 16 5 1288 1303
95 16 5 1221 1236
95 19 7 1467 1485
95 11 4 1451 1461
95 16 5 1435 1450
96 17 7 51 67
96 11 4 35 45
96 11 3 73 83
96 16 5 84 99
96 16 5 19 34
96 17 2 153 169
96 11 4 137 147
96 11 3 175 185
96 16 5 186 201
96 16 5 121 136
96 25 10 350 374
96 11 4 334 344
96 11 3 380 390
96 16 5 391 406
96 16 5 318 333
96 25 1 548 572
96 11 4 532 542
96 11 3 578 588
96 16 5 589 604
96 16 5 516 531
96 37 0 645 681
96 11 4 629 639
96 11 3 687 697
96 16 5 698 713
96 16 5 613 628
96 31 12 751 781
96 11 4 735 745
96 11 3 787 797
96 16 5 798 813
96 16 5 719 734
96 25 6 1160 1184
96 11 4 1144 1154
96 11 3 1190 1200
96 16 5 1201 1216
96 16 5 1128 1143
96 24 9 1254 1277
96 11 4 1238 1248
96 11 3 1283 1293
96 16 5 1294 1309
96 16 5 1222 1237
96 27 11 1353 1379
96 11 4 1337 1347
96 11 3 1385 1395
96 16 5 1396 1411
96 16 5 1321 1336
96 27 8 1445 1471
96 11 4 1429 1439
96 11 3 1477 1487
96 16 5 1413 1428
41 20 1 41 60
41 11 4 25 35
41 11 3 66 76
41 16 5 77 92
41 16 5 9 24
41 37 2 147 183
41 11 4 131 141
41 11 3 189 199
41 16 5 200 215
41 16 5 115 130
41 25 8 248 272
41 11 4 232 242
41 11 3 278 288
41 16 5 289 304
41 16 5 216 231
41 31 6 346 376
41 11 4 330 340
41 11 3 382 392
41 16 5 393 408
41 16 5 314 329
41 26 0 445 470
41 11 4 429 439
41 11 3 476 486
41 16 5 487 502
41 16 5 413 428
41 20 10 748 767
41 11 4 732 742
41 11 3 773 783
41 16 5 784 799
41 16 5 716 731
41 26 11 842 867
41 11 4 826 836
41 11 3 873 883
41 16 5 884 899
41 16 5 810 825
41 26 7 1142 1167
41 11 4 1126 1136
41 11 3 1173 1183
41 16 5 1184 1199
41 16 5 1110 1125
41 21 9 1347 1367
41 11 4 1331 1341
41 11 3 1373 1383
41 16 5 1384 1399
41 16 5 1315 1330
41 21 12 1441 1461
41 11 4 1425 1435
41 11 3 1467 1477
41 16 5 1478 1493
41 16 5 1409 1424
42 17 8 140 156
42 11 4 124 134
42 11 3 162 172
42 16 5 173 188
42 16 5 108 123
42 15 12 245 259
42 11 4 229 239
42 11 3 265 275
42 16 5 276 291
42 16 5 213 228
42 16 1 343 358
42 11 4 327 337
42 11 3 364 374
42 16 5 375 390
42 16 5 311 326
42 19 11 442 460
42 11 4 426 436
42 11 3 466 476
42 16 5 477 492
42 16 5 410 425
42 24 10 646 669
42 11 4 630 640
42 11 3 675 685
42 16 5 686 701
42 16 5 614 629
42 15 6 746 760
42 11 4 730 740
42 11 3 766 776
42 16 5 777 792
42 16 5 714 729
42 21 7 843 863
42 11 4 827 837
42 11 3 869 879
42 16 5 880 895
42 16 5 811 826
42 23 2 948 970
42 11 4 932 942
42 11 3 976 986
42 16 5 987 1002
42 16 5 916 931
42 24 9 1042 1065
42 11 4 1026 1036
42 11 3 1071 1081
42 16 5 1082 1097
42 16 5 1010 1025
42 20 0 1446 1465
42 11 4 1430 1440
42 11 3 1471 1481
42 16 5 1482 1497
42 16 5 1414 1429
43 15 2 58 72
43 11 4 42 52
43 11 3 78 88
43 16 5 89 104
43 16 5 26 41
43 22 7 144 165
43 11 4 128 138
43 11 3 171 181
43 16 5 182 197
43 16 5 112 127
43 21 6 440 460
43 11 4 424 434
43 11 3 466 476
43 16 5 477 492
43 16 5 408 423
43 19 11 539 557
43 11 4 523 533
43 11 3 563 573
43 16 5 574 589
43 16 5 507 522
43 20 12 838 857
43 11 4 822 832
43 11 3 863 873
43 16 5 874 889
43 16 5 806 821
43 19 10 944 962
43 11 4 928 938
43 11 3 968 978
43 16 5 979 994
43 16 5 912 927
43 20 8 1043 1062
43 11 4 1027 1037
43 11 3 1068 1078
43 16 5 1079 1094
43 16 5 1011 1026
43 27 9 1137 1163
43 11 4 1121 1131
43 11 3 1169 1179
43 16 5 1180 1195
43 16 5 1105 1120
43 23 1 1240 1262
43 11 4 1224 1234
43 11 3 1268 1278
43 16 5 1279 1294
43 16 5 1208 1223
43 19 0 1438 1456
43 11 4 1422 1432
43 11 3 1462 1472
43 16 5 1473 1488
43 16 5 1406 1421
44 25 2 50 74
44 11 4 34 44
44 11 3 80 90
44 16 5 91 106
44 16 5 18 33
44 23 6 248 270
44 11 4 232 242
44 11 3 276 286
44 16 5 287 302
44 16 5 216 231
44 24 0 343 366
44 11 4 327 337
44 11 3 372 382
44 16 5 383 398
44 16 5 311 326
44 22 8 650 671
44 11 4 634 644
44 11 3 677 687
44 16 5 688 703
44 16 5 618 633
44 24 11 737 760
44 11 4 721 731
44 11 3 766 776
44 16 5 777 792
44 16 5 705 720
44 18 9 845 862
44 11 4 829 839
44 11 3 868 878
44 16 5 879 894
44 16 5 813 828
44 23 10 938 960
44 11 4 922 932
44 11 3 966 976
44 16 5 977 992
44 16 5 906 921
44 15 7 1253 1267
44 11 4 1237 1247
44 11 3 1273 1283
44 16 5 1284 1299
44 16 5 1221 1236
44 26 12 1335 1360
44 11 4 1319 1329
44 11 3 1366 1376
44 16 5 1377 1392
44 16 5 1303 1318
44 23 1 1441 1463
44 11 4 1425 1435
44 11 3 1469 1479
44 16 5 1480 1495
44 16 5 1409 1424
45 30 2 40 69
45 11 4 24 34
45 11 3 75 85
45 16 5 86 101
45 16 5 8 23
45 30 0 146 175
45 11 4 130 140
45 11 3 181 191
45 16 5 192 207
45 16 5 114 129
45 26 1 344 369
45 11 4 328 338
45 11 3 375 385
45 16 5 386 401
45 16 5 312 327
45 22 7 636 657
45 11 4 620 630
45 11 3 663 673
45 16 5 674 689
45 16 5 604 619
45 22 6 740 761
45 11 4 724 734
45 11 3 767 777
45 16 5 778 793
45 16 5 708 723
45 24 8 843 866
45 11 4 827 837
45 11 3 872 882
45 16 5 883 898
45 16 5 811 826
45 21 11 940 960
45 11 4 924 934
45 11 3 966 976
45 16 5 977 992
45 16 5 908 923
45 21 10 1042 1062
45 11 4 1026 1036
45 11 3 1068 1078
45 16 5 1079 1094
45 16 5 1010 1025
45 21 9 1138 1158
45 11 4 1122 1132
45 11 3 1164 1174
45 16 5 1175 1190
45 16 5 1106 1121
45 23 12 1339 1361
45 11 4 1323 1333
45 11 3 1367 1377
45 16 5 1378 1393
45 16 5 1307 1322
46 18 12 148 165
46 11 4 132 142
46 11 3 171 181
46 16 5 182 197
46 16 5 116 131
46 19 2 242 260
46 11 4 226 236
46 11 3 266 276
46 16 5 277 292
46 16 5 210 225
46 20 9 338 357
46 11 4 322 332
46 11 3 363 373
46 16 5 374 389
46 16 5 306 321
46 19 10 639 657
46 11 4 623 633
46 11 3 663 673
46 16 5 674 689
46 16 5 607 622
46 21 7 737 757
46 11 4 721 731
46 11 3 763 773
46 16 5 774 789
46 16 5 705 720
46 19 11 837 855
46 11 4 821 831
46 11 3 861 871
46 16 5 872 887
46 16 5 805 820
46 20 6 939 958
46 11 4 923 933
46 11 3 964 974
46 16 5 975 990
46 16 5 907 922
46 24 8 1041 1064
46 11 4 1025 1035
46 11 3 1070 1080
46 16 5 1081 1096
46 16 5 1009 1024
46 22 1 1353 1374
46 11 4 1337 1347
46 11 3 1380 1390
46 16 5 1391 1406
46 16 5 1321 1336
46 26 0 1439 1464
46 11 4 1423 1433
46 11 3 1470 1480
46 16 5 1481 1496
46 16 5 1407 1422
125 18 2 43 60
125 11 4 27 37
125 11 3 66 76
125 16 5 77 92
125 16 5 11 26
125 26 0 140 165
125 11 4 124 134
125 11 3 171 181
125 16 5 182 197
125 16 5 108 123
125 29 10 444 472
125 11 4 428 438
125 11 3 478 488
125 16 5 489 504
125 16 5 412 427
125 12 8 549 560
125 11 4 533 543
125 11 3 566 576
125 16 5 577 592
125 16 5 517 532
125 19 12 637 655
125 11 4 621 631
125 11 3 661 671
125 16 5 672 687
125 16 5 605 620
125 21 6 839 859
125 11 4 823 833
125 11 3 865 875
125 16 5 876 891
125 16 5 807 822
125 22 9 939 960
125 11 4 923 933
125 11 3 966 976
125 16 5 977 992
125 16 5 907 922
125 22 1 1043 1064
125 11 4 1027 1037
125 11 3 1070 1080
125 16 5 1081 1096
125 16 5 1011 1026
125 19 7 1142 1160
125 11 4 1126 1136
125 11 3 1166 1176
125 16 5 1177 1192
125 16 5 1110 1125
125 25 11 1440 1464
125 11 4 1424 1434
125 11 3 1470 1480
125 16 5 1481 1496
125 16 5 1408 1423
126 23 6 37 59
126 11 4 21 31
126 11 3 65 75
126 16 5 76 91
126 16 5 5 20
126 20 9 249 268
126 11 4 233 243
126 11 3 274 284
126 16 5 285 300
126 16 5 217 232
126 20 11 538 557
126 11 4 522 532
126 11 3 563 573
126 16 5 574 589
126 16 5 506 521
126 28 2 643 670
126 11 4 627 637
126 11 3 676 686
126 16 5 687 702
126 16 5 611 626
126 31 12 737 767
126 11 4 721 731
126 11 3 773 783
126 16 5 784 799
126 16 5 705 720
126 26 1 842 867
126 11 4 826 836
126 11 3 873 883
126 16 5 884 899
126 16 5 810 825
126 32 7 939 970
126 11 4 923 933
126 11 3 976 986
126 16 5 987 1002
126 16 5 907 922
126 23 10 1245 1267
126 11 4 1229 1239
126 11 3 1273 1283
126 16 5 1284 1299
126 16 5 1213 1228
126 21 8 1344 1364
126 11 4 1328 1338
126 11 3 1370 1380
126 16 5 1381 1396
126 16 5 1312 1327
126 24 0 1440 1463
126 11 4 1424 1434
126 11 3 1469 1479
126 16 5 1480 1495
126 16 5 1408 1423
201 21 2 243 263
201 11 4 227 237
201 11 3 269 279
201 16 5 280 295
201 16 5 211 226
201 21 11 338 358
201 11 4 322 332
201 11 3 364 374
201 16 5 375 390
201 16 5 306 321
201 16 7 637 652
201 11 4 621 631
201 11 3 658 668
201 16 5 669 684
201 16 5 605 620
201 21 1 738 758
201 11 4 722 732
201 11 3 764 774
201 16 5 775 790
201 16 5 706 721
201 25 6 836 860
201 11 4 820 830
201 11 3 866 876
201 16 5 877 892
201 16 5 804 819
201 17 8 1041 1057
201 11 4 1025 1035
201 11 3 1063 1073
201 16 5 1074 1089
201 16 5 1009 1024
201 19 9 1145 1163
201 11 4 1129 1139
201 11 3 1169 1179
201 16 5 1180 1195
201 16 5 1113 1128
201 18 12 1241 1258
201 11 4 1225 1235
201 11 3 1264 1274
201 16 5 1275 1290
201 16 5 1209 1224
201 26 0 1337 1362
201 11 4 1321 1331
201 11 3 1368 1378
201 16 5 1379 1394
201 16 5 1305 1320
201 25 10 1438 1462
201 11 4 1422 1432
201 11 3 1468 1478
201 16 5 1479 1494
201 16 5 1406 1421
202 16 8 37 52
202 11 4 21 31
202 11 3 58 68
202 16 5 69 84
202 16 5 5 20
202 20 10 137 156
202 11 4 121 131
202 11 3 162 172
202 16 5 173 188
202 16 5 105 120
202 23 1 239 261
202 11 4 223 233
202 11 3 267 277
202 16 5 278 293
202 16 5 207 222
202 20 2 540 559
202 11 4 524 534
202 11 3 565 575
202 16 5 576 591
202 16 5 508 523
202 18 11 738 755
202 11 4 722 732
202 11 3 761 771
202 16 5 772 787
202 16 5 706 721
202 19 7 940 958
202 11 4 924 934
202 11 3 964 974
202 16 5 975 990
202 16 5 908 923
202 21 6 1036 1056
202 11 4 1020 1030
202 11 3 1062 1072
202 16 5 1073 1088
202 16 5 1004 1019
202 18 12 1244 1261
202 11 4 1228 1238
202 11 3 1267 1277
202 16 5 1278 1293
202 16 5 1212 1227
202 22 9 1340 1361
202 11 4 1324 1334
202 11 3 1367 1377
202 16 5 1378 1393
202 16 5 1308 1323
202 18 0 1439 1456
202 11 4 1423 1433
202 11 3 1462 1472
202 16 5 1473 1488
202 16 5 1407 1422
203 21 12 237 257
203 11 4 221 231
203 11 3 263 273
203 16 5 274 289
203 16 5 205 220
203 15 9 342 356
203 11 4 326 336
203 11 3 362 372
203 16 5 373 388
203 16 5 310 325
203 18 6 437 454
203 11 4 421 431
203 11 3 460 470
203 16 5 471 486
203 16 5 405 420
203 23 8 545 567
203 11 4 529 539
203 11 3 573 583
203 16 5 584 599
203 16 5 513 528
203 20 10 638 657
203 11 4 622 632
203 11 3 663 673
203 16 5 674 689
203 16 5 606 621
203 24 2 739 762
203 11 4 723 733
203 11 3 768 778
203 16 5 779 794
203 16 5 707 722
203 22 1 942 963
203 11 4 926 936
203 11 3 969 979
203 16 5 980 995
203 16 5 910 925
203 17 7 1038 1054
203 11 4 1022 1032
203 11 3 1060 1070
203 16 5 1071 1086
203 16 5 1006 1021
203 18 0 1141 1158
203 11 4 1125 1135
203 11 3 1164 1174
203 16 5 1175 1190
203 16 5 1109 1124
203 20 11 1442 1461
203 11 4 1426 1436
203 11 3 1467 1477
203 16 5 1478 1493
203 16 5 1410 1425
204 19 0 35 53
204 11 4 19 29
204 11 3 59 69
204 16 5 70 85
204 16 5 3 18
204 14 6 139 152
204 11 4 123 133
204 11 3 158 168
204 16 5 169 184
204 16 5 107 122
204 15 12 238 252
204 11 4 222 232
204 11 3 258 268
204 16 5 269 284
204 16 5 206 221
204 14 11 339 352
204 11 4 323 333
204 11 3 358 368
204 16 5 369 384
204 16 5 307 322
204 24 7 438 461
204 11 4 422 432
204 11 3 467 477
204 16 5 478 493
204 16 5 406 421
204 21 1 640 660
204 11 4 624 634
204 11 3 666 676
204 16 5 677 692
204 16 5 608 623
204 25 10 836 860
204 11 4 820 830
204 11 3 866 876
204 16 5 877 892
204 16 5 804 819
204 25 8 938 962
204 11 4 922 932
204 11 3 968 978
204 16 5 979 994
204 16 5 906 921
204 23 2 1042 1064
204 11 4 1026 1036
204 11 3 1070 1080
204 16 5 1081 1096
204 16 5 1010 1025
204 17 9 1453 1469
204 11 4 1437 1447
204 11 3 1475 1485
204 16 5 1421 1436