4 19 5 42 60
4 23 2 151 173
4 23 4 246 268
4 16 10 351 366
4 18 9 445 462
4 34 12 555 588
4 17 11 645 661
4 39 6 745 783
4 22 0 842 863
4 30 7 968 997
4 22 1 1043 1064
4 17 14 1147 1163
4 32 3 1249 1280
4 35 13 1336 1370
4 20 8 1445 1464
3 17 9 44 60
3 35 7 148 182
3 18 8 240 257
3 28 13 343 370
3 20 2 445 464
3 32 12 558 589
3 22 11 638 659
3 25 1 737 761
3 20 14 843 862
3 25 5 939 963
3 42 3 1034 1075
3 33 6 1144 1176
3 19 10 1240 1258
3 20 0 1338 1357
3 20 4 1441 1460
5 15 14 44 58
5 32 13 143 174
5 38 6 245 282
5 25 5 343 367
5 22 9 447 468
5 21 11 545 565
5 23 8 640 662
5 36 7 756 791
5 22 1 842 863
5 27 4 941 967
5 22 0 1042 1063
5 20 10 1145 1164
5 29 3 1249 1277
5 47 12 1348 1394
5 22 2 1453 1474
6 21 1 40 60
6 21 0 139 159
6 33 7 251 283
6 18 4 343 360
6 17 9 444 460
6 34 3 541 574
6 30 6 646 675
6 18 8 743 760
6 24 14 841 864
6 23 2 948 970
6 26 10 1043 1068
6 33 12 1150 1182
6 29 13 1253 1281
6 21 11 1346 1366
6 24 5 1438 1461
7 34 6 57 90
7 29 4 151 179
7 30 14 252 281
7 27 8 348 374
7 40 7 455 494
7 35 3 557 591
7 20 10 660 679
7 30 5 746 775
7 24 0 850 873
7 28 1 956 983
7 42 12 1055 1096
7 26 9 1155 1180
7 32 13 1254 1285
7 31 11 1363 1393
7 27 2 1463 1489
8 29 5 43 71
8 31 1 144 174
8 24 4 246 269
8 38 12 346 383
8 38 6 449 486
8 25 14 549 573
8 20 3 658 677
8 32 8 749 780
8 28 9 863 890
8 21 0 950 970
8 21 10 1053 1073
8 21 11 1150 1170
8 31 13 1255 1285
8 43 7 1353 1395
8 27 2 1457 1483
31 26 5 46 71
31 29 0 158 186
31 50 12 260 309
31 35 3 360 394
31 33 4 457 489
31 33 6 567 599
31 40 8 673 712
31 19 1 779 797
31 36 9 871 906
31 34 7 974 1007
31 28 10 1073 1100
31 28 2 1169 1196
31 46 11 1264 1309
31 34 14 1373 1406
31 40 13 1460 1499
32 37 6 47 83
32 16 14 146 161
32 20 0 248 267
32 27 8 350 376
32 33 7 442 474
32 33 3 552 584
32 30 5 647 676
32 23 10 760 782
32 37 13 846 882
32 36 2 955 990
32 35 4 1060 1094
32 50 1 1157 1206
32 21 11 1260 1280
32 29 9 1355 1383
32 32 12 1447 1478
83 41 7 41 81
83 39 12 152 190
83 39 3 244 282
83 30 14 349 378
83 22 10 457 478
83 25 4 557 581
83 43 6 841 883
83 31 5 750 780
83 24 0 854 877
83 24 1 953 976
83 30 2 1058 1087
83 38 11 1152 1189
83 46 8 1250 1295
83 42 13 1348 1389
83 30 9 1456 1485
84 17 2 58 74
84 32 11 142 173
84 27 0 247 273
84 28 8 345 372
84 36 1 442 477
84 31 7 544 574
84 35 13 639 673
84 27 14 751 777
84 27 5 847 873
84 45 12 946 990
84 19 9 1049 1067
84 21 10 1149 1169
84 31 4 1247 1277
84 41 6 1348 1388
84 35 3 1453 1487
85 14 9 55 68
85 23 11 140 162
85 27 2 246 272
85 21 0 352 372
85 26 14 451 476
85 38 13 543 580
85 42 12 646 687
85 42 7 742 783
85 22 10 852 873
85 35 6 943 977
85 32 8 1050 1081
85 25 1 1159 1183
85 26 5 1256 1281
85 41 3 1340 1380
85 30 4 1446 1475
86 37 7 44 80
86 38 13 138 175
86 21 4 256 276
86 29 5 347 375
86 36 1 444 479
86 26 9 552 577
86 31 6 643 673
86 35 12 749 783
86 34 10 850 883
86 36 0 947 982
86 32 14 1047 1078
86 31 11 1149 1179
86 26 8 1249 1274
86 28 2 1358 1385
86 35 3 1447 1481
87 33 7 40 72
87 24 1 144 167
87 25 4 258 282
87 25 10 347 371
87 24 2 450 473
87 30 9 552 581
87 45 12 647 691
87 27 8 745 771
87 25 5 844 868
87 33 6 941 973
87 35 3 1045 1079
87 24 11 1150 1173
87 34 0 1242 1275
87 31 14 1345 1375
87 36 13 1435 1470
88 23 9 47 69
88 26 5 142 167
88 29 3 239 267
88 26 0 346 371
88 38 12 448 485
88 29 1 553 581
88 36 10 645 680
88 32 14 748 779
88 39 4 849 887
88 30 11 949 978
88 37 6 1045 1081
88 38 7 1142 1179
88 26 2 1254 1279
88 36 13 1335 1370
88 40 8 1448 1487
89 51 12 47 97
89 16 8 186 201
89 17 4 269 285
89 17 9 381 397
89 29 7 474 502
89 24 6 582 605
89 18 1 679 696
89 20 11 798 817
89 19 5 898 916
89 31 3 978 1008
89 16 10 1083 1098
89 15 0 1188 1202
89 28 13 1286 1313
89 18 14 1383 1400
89 15 2 1485 1499
90 21 10 90 110
90 30 6 178 207
90 28 13 282 309
90 21 5 375 395
90 16 9 486 501
90 23 4 575 597
90 18 14 674 691
90 19 8 773 791
90 18 0 876 893
90 20 11 987 1006
90 29 7 1080 1108
90 19 1 1186 1204
90 34 3 1270 1303
90 30 12 1371 1400
90 18 2 1482 1499
91 20 10 69 88
91 24 11 178 201
91 24 5 270 293
91 21 8 374 394
91 29 3 484 512
91 23 13 568 590
91 30 2 680 709
91 30 12 789 818
91 32 6 868 899
91 22 14 966 987
91 28 4 1078 1105
91 33 7 1175 1207
91 36 1 1275 1310
91 22 0 1389 1410
91 15 9 1485 1499
92 27 2 69 95
92 17 8 176 192
92 27 9 277 303
92 31 0 382 412
92 28 1 478 505
92 27 14 572 598
92 31 3 664 694
92 23 5 775 797
92 28 4 869 896
92 28 10 970 997
92 36 6 1071 1106
92 30 13 1166 1195
92 21 11 1287 1307
92 24 12 1388 1411
92 26 7 1474 1499
97 20 11 45 64
97 45 3 142 186
97 24 0 253 276
97 41 6 345 385
97 32 14 443 474
97 27 9 543 569
97 24 10 644 667
97 42 2 742 783
97 43 7 853 895
97 39 4 942 980
97 49 12 1051 1099
97 36 1 1142 1177
97 48 8 1247 1294
97 38 5 1348 1385
97 40 13 1441 1480
98 15 1 39 53
98 35 13 141 175
98 29 2 250 278
98 26 10 348 373
98 28 5 445 472
98 34 0 542 575
98 39 7 647 685
98 18 9 760 777
98 47 6 851 897
98 28 14 951 978
98 39 11 1051 1089
98 45 3 1147 1191
98 44 4 1245 1288
98 38 8 1352 1389
98 47 12 1453 1499
99 34 13 43 76
99 41 7 147 187
99 45 6 251 295
99 33 10 357 389
99 27 9 447 473
99 28 0 545 572
99 41 12 649 689
99 53 3 748 800
99 28 11 846 873
99 31 2 953 983
99 34 4 1050 1083
99 34 1 1152 1185
99 37 8 1251 1287
99 33 14 1348 1380
99 30 5 1447 1476
100 42 13 39 80
100 22 4 157 178
100 39 7 255 293
100 31 2 348 378
100 28 5 446 473
100 35 0 548 582
100 33 11 645 677
100 31 6 753 783
100 38 1 847 884
100 24 9 955 978
100 37 3 1050 1086
100 31 10 1147 1177
100 41 12 1257 1297
100 32 14 1347 1378
100 37 8 1449 1485
101 23 9 52 74
101 26 0 145 170
101 42 12 256 297
101 21 1 355 375
101 33 5 450 482
101 134 11 546 679
101 27 10 656 682
101 41 6 751 791
101 43 3 847 889
101 33 4 951 983
101 41 13 1050 1090
101 34 2 1153 1186
101 45 7 1252 1296
101 24 14 1350 1373
101 39 8 1442 1480
102 38 3 46 83
102 30 2 155 184
102 34 5 245 278
102 27 0 355 381
102 29 8 451 479
102 36 13 548 583
102 46 6 651 696
102 27 11 751 777
102 41 1 855 895
102 28 10 953 980
102 38 12 1057 1094
102 25 4 1153 1177
102 33 7 1251 1283
102 32 14 1344 1375
102 27 9 1455 1481
103 34 7 46 79
103 21 14 151 171
103 46 3 242 287
103 42 13 340 381
103 27 4 449 475
103 40 12 553 592
103 26 2 655 680
103 28 10 748 775
103 25 11 850 874
103 27 5 947 973
103 38 8 1046 1083
103 38 6 1149 1186
103 27 0 1249 1275
103 27 9 1355 1381
103 33 1 1453 1485
104 40 7 49 88
104 41 13 145 185
104 33 8 245 277
104 36 1 352 387
104 32 4 448 479
104 41 6 548 588
104 24 9 650 673
104 41 2 749 789
104 25 0 840 864
104 24 14 949 972
104 39 3 1046 1084
104 33 11 1146 1178
104 44 12 1247 1290
104 33 5 1348 1380
104 35 10 1444 1478
105 35 3 67 101
105 16 8 180 195
105 28 2 287 314
105 25 14 379 403
105 21 10 490 510
105 27 0 584 610
105 32 6 685 716
105 26 13 790 815
105 33 7 889 921
105 31 9 988 1018
105 39 11 1088 1126
105 31 1 1205 1235
105 36 5 1289 1324
105 31 12 1383 1413
105 25 4 1475 1499
106 29 7 80 108
106 28 1 177 204
106 36 6 274 309
106 33 4 376 408
106 31 9 500 530
106 31 0 611 641
106 26 3 704 729
106 26 2 780 805
106 21 8 874 894
106 13 14 975 987
106 21 12 1073 1093
106 22 13 1172 1193
106 19 10 1292 1310
106 24 11 1396 1419
106 13 5 1487 1499
107 31 12 74 104
107 18 8 170 187
107 23 4 273 295
107 23 7 380 402
107 23 10 493 515
107 29 14 577 605
107 25 13 693 717
107 23 0 793 815
107 24 2 907 930
107 28 5 994 1021
107 19 11 1110 1128
107 25 9 1193 1217
107 23 1 1289 1311
107 30 3 1372 1401
107 20 6 1480 1499
108 33 6 67 99
108 21 1 186 206
108 28 13 275 302
108 33 3 373 405
108 28 7 471 498
108 18 8 569 586
108 20 2 683 702
108 17 9 786 802
108 21 5 879 899
108 26 12 978 1003
108 17 14 1078 1094
108 16 11 1185 1200
108 20 0 1278 1297
108 25 10 1386 1410
108 20 4 1480 1499
109 19 5 42 60
109 15 0 142 156
109 21 10 256 276
109 21 8 346 366
109 30 3 446 475
109 38 7 551 588
109 22 2 661 682
109 22 9 763 784
109 21 14 848 868
109 34 1 948 981
109 34 6 1049 1082
109 21 11 1148 1168
109 32 12 1247 1278
109 30 13 1352 1381
109 33 4 1445 1477
110 37 7 70 106
110 25 5 145 169
110 25 2 255 279
110 27 12 360 386
110 36 6 457 492
110 26 1 543 568
110 15 0 646 660
110 25 8 749 773
110 23 9 862 884
110 22 11 946 967
110 31 3 1058 1088
110 23 13 1153 1175
110 20 10 1257 1276
110 16 14 1345 1360
110 23 4 1446 1468
111 19 4 42 60
111 21 9 147 167
111 14 1 248 261
111 26 3 350 375
111 32 6 455 486
111 24 2 552 575
111 40 7 642 681
111 21 10 760 780
111 221 11 647 867
111 33 13 952 984
111 28 12 1055 1082
111 35 8 1144 1178
111 27 5 1244 1270
111 18 14 1348 1365
111 26 0 1445 1470
112 15 10 63 77
112 27 9 138 164
112 20 11 241 260
112 31 6 362 392
112 19 14 446 464
112 29 3 549 577
112 36 7 648 683
112 21 8 754 774
112 25 0 843 867
112 40 5 944 983
112 27 4 1042 1068
112 25 1 1149 1173
112 31 12 1258 1288
112 24 2 1357 1380
112 35 13 1442 1476
113 17 14 45 61
113 41 7 143 183
113 28 5 239 266
113 37 12 350 386
113 21 10 457 477
113 22 4 543 564
113 21 8 658 678
113 23 9 751 773
113 27 2 845 871
113 32 13 952 983
113 25 3 1045 1069
113 38 6 1146 1183
113 29 11 1248 1276
113 27 0 1341 1367
113 39 1 1450 1488
114 20 5 41 60
114 31 13 147 177
114 24 9 256 279
114 24 8 347 370
114 18 0 447 464
114 15 14 549 563
114 24 4 646 669
114 23 10 754 776
114 35 7 861 895
114 28 12 958 985
114 34 3 1045 1078
114 42 6 1151 1192
114 29 11 1245 1273
114 24 2 1353 1376
114 30 1 1446 1475
115 20 5 42 61
115 37 7 151 187
115 19 10 265 283
115 25 14 351 375
115 18 0 446 463
115 24 4 544 567
115 24 11 646 669
115 29 8 743 771
115 18 9 857 874
115 36 13 942 977
115 36 6 1049 1084
115 37 3 1136 1172
115 28 2 1249 1276
115 34 12 1352 1385
115 26 1 1450 1475
116 35 8 47 81
116 19 11 145 163
116 33 7 263 295
116 24 2 351 374
116 21 2 445 465
116 15 14 548 562
116 34 6 644 677
116 35 13 740 774
116 30 12 853 882
116 23 1 951 973
116 19 10 1061 1079
116 30 9 1142 1171
116 34 3 1245 1278
116 24 4 1345 1368
116 22 5 1444 1465
117 37 6 48 84
117 30 12 146 175
117 47 13 231 277
117 48 1 347 394
117 38 5 437 474
117 45 10 544 588
117 54 14 645 698
117 41 0 743 783
117 51 9 842 892
117 42 11 940 981
117 51 4 1045 1095
117 48 7 1147 1194
117 40 3 1239 1278
117 37 2 1351 1387
117 23 8 1477 1499
118 40 9 62 101
118 43 13 153 195
118 41 3 236 276
118 35 10 339 373
118 48 12 443 490
118 41 7 555 595
118 35 2 658 692
118 47 4 749 795
118 48 0 848 895
118 44 8 957 1000
118 48 1 1053 1100
118 50 5 1148 1197
118 39 14 1249 1287
118 45 6 1352 1396
118 47 11 1453 1499
119 28 0 45 72
119 47 6 143 189
119 31 4 243 273
119 35 8 344 378
119 21 14 449 469
119 40 11 541 580
119 28 12 649 676
119 43 7 739 781
119 30 2 848 877
119 35 3 949 983
119 25 9 1051 1075
119 35 5 1144 1178
119 30 1 1251 1280
119 33 10 1365 1397
119 38 13 1450 1487
120 32 1 51 82
120 34 10 148 181
120 40 5 242 281
120 39 0 346 384
120 36 9 447 482
120 41 3 538 578
120 40 4 641 680
120 38 6 748 785
120 39 12 848 886
120 27 8 954 980
120 41 7 1043 1083
120 42 13 1144 1185
120 39 2 1247 1285
120 32 14 1350 1381
120 32 11 1446 1477
121 30 10 48 77
121 38 9 143 180
121 32 13 236 267
121 40 7 337 376
121 26 1 440 465
121 32 2 544 575
121 32 4 639 670
121 36 12 742 777
121 28 6 840 867
121 35 3 936 970
121 42 5 1033 1074
121 46 8 1142 1187
121 34 14 1242 1275
121 30 11 1345 1374
121 29 0 1441 1469
122 43 7 67 109
122 24 8 164 187
122 35 13 253 287
122 40 6 350 389
122 32 10 462 493
122 38 12 563 600
122 31 5 653 683
122 34 14 755 788
122 36 1 855 890
122 50 9 961 1010
122 31 3 1060 1090
122 43 0 1144 1186
122 33 2 1269 1301
122 48 4 1360 1407
122 39 11 1461 1499
123 22 14 53 74
123 38 2 155 192
123 43 4 251 293
123 36 8 368 403
123 41 10 460 500
123 36 9 554 589
123 34 1 664 697
123 33 11 760 792
123 39 13 850 888
123 35 12 948 982
123 36 3 1047 1082
123 39 5 1142 1180
123 33 7 1261 1293
123 44 6 1350 1393
123 37 0 1452 1488
124 33 13 74 106
124 49 7 158 206
124 24 8 270 293
124 50 1 353 402
124 37 4 464 500
124 36 2 571 606
124 30 3 655 684
124 46 5 743 788
124 29 0 854 882
124 28 14 950 977
124 44 9 1052 1095
124 38 6 1150 1187
124 35 10 1256 1290
124 30 11 1361 1390
124 37 12 1456 1492
47 19 8 45 63
47 32 14 162 193
47 19 4 259 277
47 29 2 370 398
47 38 3 460 497
47 18 5 553 570
47 16 11 645 660
47 50 6 742 791
47 24 10 861 884
47 33 13 957 989
47 39 12 1059 1097
47 17 0 1164 1180
47 50 7 1256 1305
47 25 9 1360 1384
47 24 1 1446 1469
48 16 11 50 65
48 39 7 157 195
48 26 13 282 307
48 21 4 356 376
48 18 1 446 463
48 35 3 554 588
48 17 2 658 674
48 28 0 748 775
48 30 5 862 891
48 18 8 984 1001
48 46 12 1062 1107
48 30 10 1171 1200
48 40 9 1263 1302
48 41 6 1359 1399
48 17 14 1483 1499
49 34 0 53 86
49 32 13 157 188
49 35 7 254 288
49 36 3 356 391
49 20 1 444 463
49 28 11 543 570
49 25 14 650 674
49 27 4 747 773
49 23 10 851 873
49 37 12 952 988
49 23 5 1056 1078
49 42 6 1194 1235
49 20 2 1279 1298
49 29 8 1357 1385
49 17 9 1483 1499
50 46 7 45 90
50 14 11 149 162
50 17 10 249 265
50 19 4 349 367
50 14 2 458 471
50 33 3 563 595
50 27 12 656 682
50 18 8 751 768
50 41 1 840 880
50 27 5 953 979
50 21 0 1044 1064
50 38 13 1156 1193
50 16 14 1275 1290
50 21 9 1352 1372
50 43 6 1457 1499
51 37 6 50 86
51 28 8 148 175
51 34 4 249 282
51 29 3 356 384
51 27 5 446 472
51 19 2 551 569
51 28 12 667 694
51 18 11 751 768
51 20 1 851 870
51 32 13 945 976
51 23 10 1053 1075
51 33 14 1147 1179
51 35 9 1260 1294
51 20 0 1357 1376
51 40 7 1460 1499
52 16 11 47 62
52 31 13 151 181
52 33 14 255 287
52 37 7 354 390
52 33 4 450 482
52 32 12 547 578
52 22 5 654 675
52 21 9 762 782
52 14 10 861 874
52 35 3 966 1000
52 18 8 1063 1080
52 29 2 1158 1186
52 33 1 1258 1290
52 30 0 1352 1381
52 44 6 1456 1499
53 51 6 49 99
53 28 12 156 183
53 41 11 249 289
53 36 2 352 387
53 27 8 455 481
53 28 10 556 583
53 31 14 647 677
53 25 0 755 779
53 38 4 850 887
53 48 3 952 999
53 45 7 1053 1097
53 29 1 1166 1194
53 14 5 1259 1272
53 24 9 1348 1371
53 28 13 1445 1472
54 40 0 50 89
54 29 12 160 188
54 47 7 247 293
54 45 6 348 392
54 25 10 460 484
54 30 4 550 579
54 32 1 647 678
54 33 13 744 776
54 49 3 840 888
54 32 11 946 977
54 41 8 1042 1082
54 34 9 1142 1175
54 42 2 1242 1283
54 34 5 1349 1382
54 41 14 1446 1486
55 24 14 55 78
55 40 4 146 185
55 24 10 258 281
55 51 7 145 195
55 24 0 457 480
55 32 1 553 584
55 32 9 651 682
55 44 6 749 792
55 30 5 855 884
55 27 11 953 979
55 37 12 1044 1080
55 38 8 1148 1185
55 38 2 1255 1292
55 47 3 1350 1396
55 48 13 1452 1499
56 38 3 43 80
56 33 9 141 173
56 34 5 239 272
56 24 8 345 368
56 48 7 438 485
56 35 2 551 585
56 34 11 644 677
56 41 4 745 785
56 39 1 848 886
56 44 0 946 989
56 41 12 1045 1085
56 47 13 1144 1190
56 55 6 1253 1307
56 31 14 1356 1386
56 38 10 1445 1482
57 31 0 49 79
57 41 3 146 186
57 37 11 243 279
57 69 6 342 410
57 48 4 452 499
57 23 1 560 582
57 38 2 652 689
57 58 7 738 795
57 41 14 850 890
57 40 12 951 990
57 26 10 1044 1069
57 38 9 1143 1180
57 41 13 1244 1284
57 38 5 1343 1380
57 41 8 1451 1491
58 40 3 39 78
58 26 9 145 170
58 26 11 241 266
58 36 12 336 371
58 25 10 441 465
58 25 8 543 567
58 37 4 643 679
58 30 0 749 778
58 38 1 848 885
58 32 5 951 982
58 36 13 1042 1077
58 31 2 1160 1190
58 54 6 1254 1307
58 42 7 1363 1404
58 35 14 1465 1499
59 12 0 48 59
59 26 4 141 166
59 27 10 257 283
59 25 9 349 373
59 35 12 447 481
59 33 6 543 575
59 28 8 651 678
59 38 11 747 784
59 39 7 853 891
59 38 2 960 997
59 43 1 1060 1102
59 32 5 1157 1188
59 40 14 1256 1295
59 32 13 1354 1385
59 40 3 1460 1499
60 41 7 52 92
60 42 3 146 187
60 28 1 245 272
60 37 12 349 385
60 29 14 446 474
60 27 0 545 571
60 37 8 641 677
60 29 10 749 777
60 34 11 845 878
60 46 6 942 987
60 45 2 1051 1095
60 40 9 1159 1198
60 41 4 1260 1300
60 38 13 1356 1393
60 29 5 1457 1485
61 33 7 55 87
61 39 3 145 183
61 24 11 244 267
61 28 4 340 367
61 32 14 446 477
61 34 1 548 581
61 38 2 654 691
61 39 6 750 788
61 32 5 846 877
61 35 9 941 975
61 34 0 1044 1077
61 42 12 1153 1194
61 32 10 1253 1284
61 47 8 1351 1397
61 37 13 1446 1482
62 47 12 46 92
62 39 2 153 191
62 34 13 247 280
62 39 6 341 379
62 28 11 444 471
62 24 5 544 567
62 31 0 641 671
62 38 7 742 779
62 35 3 848 882
62 31 9 951 981
62 34 4 1048 1081
62 30 10 1152 1181
62 39 1 1245 1283
62 45 8 1348 1392
62 40 14 1459 1498
63 40 7 45 84
63 27 10 156 182
63 34 2 246 279
63 21 0 342 362
63 30 6 436 465
63 26 13 548 573
63 31 14 646 676
63 23 4 746 768
63 28 8 846 873
63 33 9 947 979
63 35 3 1047 1081
63 31 12 1150 1180
63 30 11 1248 1277
63 31 5 1348 1378
63 35 1 1452 1486
64 26 1 45 70
64 36 4 135 170
64 35 14 240 274
64 24 10 346 369
64 41 6 438 478
64 39 12 542 580
64 33 3 647 679
64 35 8 741 775
64 29 13 842 870
64 17 11 950 966
64 31 0 1041 1071
64 39 5 1138 1176
64 37 9 1241 1277
64 43 2 1346 1388
64 41 7 1450 1490
65 27 5 44 70
65 50 6 145 194
65 37 12 242 278
65 35 3 347 381
65 44 0 444 487
65 42 1 547 588
65 35 8 647 681
65 39 2 753 791
65 50 4 846 895
65 31 13 945 975
65 23 10 1067 1089
65 35 14 1147 1181
65 21 9 1253 1273
65 18 11 1348 1365
65 34 7 1466 1499
66 33 7 66 98
66 21 8 147 167
66 22 0 238 259
66 34 14 344 377
66 27 4 447 473
66 33 6 544 576
66 22 10 653 674
66 32 2 744 775
66 28 5 844 871
66 28 1 947 974
66 43 12 1041 1083
66 23 11 1149 1171
66 27 9 1243 1269
66 41 3 1345 1385
66 38 13 1441 1478
67 45 4 44 88
67 24 10 161 184
67 39 3 241 279
67 27 11 248 274
67 37 0 447 483
67 22 9 565 586
67 33 8 652 684
67 42 7 754 795
67 35 6 846 880
67 36 13 948 983
67 43 12 1040 1082
67 35 14 1146 1180
67 31 1 1250 1280
67 29 2 1353 1381
67 39 5 1447 1485
68 32 5 51 82
68 24 1 157 180
68 41 7 262 302
68 38 11 348 385
68 41 12 448 488
68 35 14 547 581
68 39 13 644 682
68 34 8 755 788
68 44 6 862 905
68 30 10 969 998
68 26 0 1054 1079
68 12 9 1163 1174
68 32 4 1252 1283
68 37 3 1353 1389
68 28 2 1453 1480
71 35 7 60 94
71 32 8 162 193
71 33 6 253 285
71 24 13 336 359
71 35 12 442 476
71 38 1 542 579
71 49 9 656 704
71 59 11 753 811
71 27 0 849 875
71 46 4 950 995
71 58 10 1045 1102
71 36 3 1155 1190
71 28 5 1247 1274
71 65 14 1342 1406
71 34 2 1452 1485
72 39 5 54 92
72 67 2 148 214
72 33 6 250 282
72 35 1 353 387
72 28 3 455 482
72 29 12 544 572
72 34 13 633 666
72 48 4 740 787
72 44 7 847 890
72 33 11 949 981
72 49 8 1046 1094
72 39 10 1160 1198
72 54 9 1247 1300
72 55 0 1353 1407
72 50 14 1450 1499
73 45 4 43 87
73 41 3 157 197
73 43 9 264 306
73 41 11 360 400
73 28 10 456 483
73 46 13 548 593
73 38 2 658 695
73 37 14 751 787
73 58 7 854 911
73 64 12 966 1029
73 47 6 1075 1121
73 39 5 1172 1210
73 37 1 1259 1295
73 41 0 1350 1390
73 31 8 1451 1481
74 35 10 56 90
74 27 2 165 191
74 41 3 260 300
74 35 9 356 390
74 34 14 449 482
74 42 5 546 587
74 48 7 667 714
74 54 6 761 814
74 38 13 863 900
74 40 4 963 1002
74 40 8 1055 1094
74 34 11 1163 1196
74 54 13 1263 1316
74 34 0 1365 1398
74 31 1 1464 1494
75 44 2 54 97
75 43 14 156 198
75 38 8 268 305
75 34 10 366 399
75 43 11 464 506
75 51 6 563 613
75 31 0 663 693
75 44 3 758 801
75 36 13 869 904
75 42 1 960 1001
75 51 12 1060 1110
75 52 7 1161 1212
75 35 4 1277 1311
75 33 5 1368 1400
75 23 9 1477 1499
76 35 5 45 79
76 36 14 149 184
76 33 11 249 281
76 36 2 358 393
76 21 8 464 484
76 27 9 556 582
76 30 4 665 694
76 25 0 753 777
76 50 6 851 900
76 47 3 953 999
76 63 7 1051 1113
76 49 12 1173 1221
76 33 10 1271 1303
76 29 1 1359 1387
76 42 13 1451 1492
77 29 7 71 99
77 18 11 144 161
77 20 1 245 264
77 18 8 346 363
77 23 9 443 465
77 36 6 548 583
77 33 12 644 676
77 28 13 740 767
77 20 0 842 861
77 19 14 944 962
77 31 3 1060 1090
77 18 10 1154 1171
77 17 5 1248 1264
77 19 4 1342 1360
77 16 2 1461 1476
78 31 6 53 83
78 16 8 151 166
78 19 5 242 260
78 22 4 339 360
78 19 0 439 457
78 36 12 548 583
78 34 3 652 685
78 16 10 746 761
78 20 2 852 871
78 51 7 965 1015
78 14 9 1048 1061
78 22 1 1145 1166
78 24 14 1245 1268
78 24 11 1340 1363
78 27 13 1443 1469
9 26 11 58 83
9 42 6 159 200
9 15 4 251 265
9 36 7 350 385
9 22 14 462 483
9 29 2 560 588
9 36 9 662 697
9 22 10 750 771
9 43 8 846 888
9 42 5 947 988
9 38 0 1050 1087
9 27 12 1154 1180
9 33 3 1262 1294
9 25 1 1355 1379
9 30 13 1460 1489
10 42 7 55 96
10 18 9 178 195
10 19 4 248 266
10 17 5 345 361
10 22 2 460 481
10 34 6 560 593
10 34 10 662 695
10 25 8 756 780
10 24 0 852 875
10 28 12 952 979
10 33 13 1044 1076
10 34 3 1155 1188
10 29 14 1251 1279
10 24 1 1354 1377
10 26 11 1460 1485
11 25 6 69 93
11 30 3 151 180
11 21 4 250 270
11 28 2 360 387
11 21 9 468 488
11 17 11 556 572
11 18 14 649 666
11 22 1 751 772
11 20 5 853 872
11 21 12 962 982
11 19 10 1053 1071
11 19 8 1147 1165
11 34 7 1246 1279
11 26 13 1348 1373
11 14 0 1447 1460
12 31 7 65 95
12 15 5 152 166
12 15 0 249 263
12 35 3 349 383
12 25 13 451 475
12 22 8 551 572
12 20 1 650 669
12 28 6 746 773
12 13 9 849 861
12 18 14 949 966
12 27 11 1047 1073
12 34 12 1150 1183
12 29 4 1254 1282
12 27 2 1353 1379
12 27 10 1452 1478
13 20 2 51 70
13 20 10 150 169
13 16 14 254 269
13 33 3 344 376
13 25 12 448 472
13 12 0 549 560
13 24 13 652 675
13 18 11 747 764
13 14 5 847 860
13 24 8 946 969
13 34 6 1077 1110
13 19 7 1165 1183
13 10 9 1250 1259
13 22 4 1348 1369
13 16 1 1449 1464
14 33 7 51 83
14 17 11 150 166
14 17 8 244 260
14 23 12 369 391
14 23 13 448 470
14 20 5 549 568
14 27 3 656 682
14 25 6 750 774
14 21 1 848 868
14 15 0 950 964
14 12 14 1047 1058
14 15 2 1154 1168
14 14 10 1271 1284
14 21 4 1360 1380
14 19 9 1452 1470
15 21 1 42 62
15 21 8 150 170
15 24 14 243 266
15 23 9 344 366
15 41 6 444 484
15 27 13 541 567
15 21 11 641 661
15 30 12 750 779
15 18 0 840 857
15 37 7 951 987
15 19 2 1052 1070
15 40 3 1141 1180
15 20 10 1248 1267
15 23 5 1342 1364
15 29 4 1440 1468
16 15 2 48 62
16 27 13 145 171
16 36 12 246 281
16 37 6 347 383
16 17 1 448 464
16 22 0 543 564
16 20 10 651 670
16 21 4 748 768
16 35 3 852 886
16 19 5 943 961
16 14 14 1049 1062
16 24 9 1146 1169
16 29 7 1287 1315
16 18 11 1348 1365
16 20 8 1446 1465
17 30 6 54 83
17 15 8 150 164
17 14 5 245 258
17 17 4 345 361
17 15 0 441 455
17 29 12 552 580
17 30 3 656 685
17 15 10 752 766
17 20 2 853 872
17 42 7 969 1010
17 14 9 1049 1062
17 19 1 1148 1166
17 21 14 1245 1265
17 20 11 1341 1360
17 26 13 1443 1468
18 36 7 66 101
18 17 9 146 162
18 21 1 244 264
18 14 8 349 362
18 25 9 444 468
18 37 6 547 583
18 25 12 650 674
18 29 13 740 768
18 19 0 843 861
18 21 14 940 960
18 29 3 1062 1090
18 16 10 1159 1174
18 20 5 1246 1265
18 17 4 1345 1361
18 21 2 1455 1475
127 35 6 49 83
127 25 11 142 166
127 32 13 236 267
127 29 3 355 383
127 23 1 457 479
127 35 10 564 598
127 25 4 649 673
127 32 0 743 774
127 27 5 850 876
127 27 14 959 985
127 38 12 1044 1081
127 44 7 1148 1191
127 50 8 1251 1300
127 39 2 1352 1390
127 22 9 1478 1499
128 41 6 55 95
128 33 10 160 192
128 38 9 245 282
128 42 12 344 385
128 34 14 446 479
128 40 13 532 571
128 37 3 647 683
128 24 8 747 770
128 27 11 849 875
128 30 2 953 982
128 38 7 1057 1094
128 31 0 1145 1175
128 33 4 1243 1275
128 26 1 1353 1378
128 36 5 1445 1480
129 38 6 55 92
129 30 14 148 177
129 31 4 245 275
129 33 3 351 383
129 30 12 444 473
129 34 13 539 572
129 27 0 646 672
129 25 2 751 775
129 32 1 848 879
129 25 10 954 978
129 29 11 1051 1079
129 38 8 1151 1188
129 38 5 1248 1285
129 29 7 1375 1403
129 17 9 1446 1462
130 33 1 50 82
130 29 10 155 183
130 31 8 243 273
130 36 7 354 389
130 25 9 445 469
130 26 0 550 575
130 30 12 649 678
130 32 14 750 781
130 29 5 846 874
130 36 3 947 982
130 34 2 1052 1085
130 39 4 1147 1185
130 39 6 1251 1289
130 27 11 1347 1373
130 32 13 1442 1473
131 31 2 53 83
131 24 0 147 170
131 32 4 242 273
131 36 12 343 378
131 33 13 439 471
131 28 5 545 572
131 39 6 649 687
131 24 8 746 769
131 21 1 853 873
131 19 10 964 982
131 28 11 1049 1076
131 38 3 1147 1184
131 38 7 1264 1301
131 21 9 1378 1398
131 27 14 1460 1486
132 21 2 58 78
132 20 9 152 171
132 22 4 249 270
132 27 11 341 367
132 30 14 447 476
132 30 1 555 584
132 35 3 645 679
132 26 5 746 771
132 27 8 845 871
132 33 6 952 984
132 23 0 1045 1067
132 34 12 1147 1180
132 32 13 1240 1271
132 19 10 1358 1376
132 39 7 1457 1495
133 32 13 38 69
133 33 12 138 170
133 22 2 255 276
133 20 8 348 367
133 23 5 446 468
133 33 6 548 580
133 38 3 642 679
133 27 0 744 770
133 15 10 874 888
133 21 11 942 962
133 32 7 1057 1088
133 24 14 1149 1172
133 17 9 1257 1273
133 26 1 1348 1373
133 29 4 1450 1478
134 37 13 46 82
134 23 2 147 169
134 39 12 242 280
134 27 0 346 372
134 29 5 448 476
134 36 6 550 585
134 38 3 642 679
134 21 9 765 785
134 21 10 847 867
134 25 1 948 972
134 28 14 1046 1073
134 33 4 1145 1177
134 25 8 1255 1279
134 25 11 1349 1373
134 41 7 1455 1495
135 18 8 54 71
135 33 3 155 187
135 21 11 256 276
135 26 6 344 369
135 16 10 470 485
135 17 0 552 568
135 20 14 653 672
135 23 12 757 779
135 21 5 850 870
135 27 1 963 989
135 16 9 1074 1089
135 32 7 1160 1191
135 20 4 1250 1269
135 24 13 1343 1366
135 14 2 1469 1482
136 27 14 67 93
136 19 5 156 174
136 33 6 254 286
136 29 3 359 387
136 22 10 474 495
136 18 2 570 587
136 18 9 662 679
136 16 8 771 786
136 26 13 851 876
136 17 4 960 976
136 19 0 1052 1070
136 28 7 1155 1182
136 27 12 1253 1279
136 19 11 1351 1369
136 25 1 1462 1486
137 21 10 72 92
137 14 9 158 171
137 27 7 248 274
137 21 11 363 383
137 22 1 468 489
137 22 0 558 579
137 31 3 664 694
137 26 6 749 774
137 25 14 860 884
137 17 2 968 984
137 19 5 1050 1068
137 20 8 1147 1166
137 26 13 1238 1263
137 22 4 1342 1363
137 29 12 1449 1477
138 26 12 76 101
138 26 7 150 175
138 35 6 239 273
138 29 3 358 386
138 22 4 453 474
138 16 5 555 570
138 12 10 678 689
138 23 0 750 772
138 16 8 860 875
138 14 11 963 976
138 20 1 1059 1078
138 13 2 1178 1190
138 14 14 1264 1277
138 24 13 1338 1361
138 13 9 1472 1484
167 22 9 58 79
167 26 0 146 171
167 32 6 249 280
167 25 8 347 371
167 35 3 443 477
167 24 5 541 564
167 22 10 645 666
167 30 4 750 779
167 34 1 844 877
167 36 13 940 975
167 35 2 1051 1085
167 28 11 1150 1177
167 29 14 1247 1275
167 36 12 1353 1388
167 44 7 1447 1490
168 19 11 46 64
168 16 8 147 162
168 17 5 250 266
168 38 13 339 376
168 28 2 446 473
168 50 6 550 599
168 30 0 652 681
168 20 14 753 772
168 20 10 848 867
168 28 1 948 975
168 35 7 1043 1077
168 27 4 1142 1168
168 35 12 1246 1280
168 37 3 1334 1370
168 21 9 1446 1466
169 20 14 50 69
169 31 1 144 174
169 41 7 241 281
169 31 4 345 375
169 21 9 454 474
169 43 3 538 580
169 27 5 643 669
169 31 2 749 779
169 25 0 846 870
169 23 8 946 968
169 33 12 1047 1079
169 34 6 1140 1173
169 17 11 1245 1261
169 34 13 1333 1366
169 22 10 1446 1467
170 21 0 44 64
170 21 1 149 169
170 24 10 246 269
170 19 9 347 365
170 36 13 432 467
170 25 4 546 570
170 26 14 646 671
170 22 11 748 769
170 40 6 844 883
170 28 2 952 979
170 40 3 1038 1077
170 33 7 1143 1175
170 33 12 1251 1283
170 18 5 1348 1365
170 22 8 1450 1471
171 21 2 55 75
171 31 3 142 172
171 22 1 248 269
171 21 4 345 365
171 38 12 439 476
171 23 11 548 570
171 25 8 647 671
171 21 9 752 772
171 37 13 836 872
171 25 5 948 972
171 29 0 1045 1073
171 21 10 1158 1178
171 41 7 1240 1280
171 28 14 1350 1377
171 35 6 1439 1473
172 24 9 53 76
172 24 10 148 171
172 41 12 245 285
172 24 11 347 370
172 26 14 445 470
172 22 5 546 567
172 26 2 652 677
172 35 13 741 775
172 34 6 843 876
172 27 4 947 973
172 29 8 1052 1080
172 25 0 1148 1172
172 33 7 1246 1278
172 30 1 1347 1376
172 46 3 1435 1480
197 27 9 36 62
197 30 4 149 178
197 33 8 253 285
197 35 14 360 394
197 31 5 457 487
197 53 12 556 608
197 44 7 651 694
197 23 0 758 780
197 31 11 850 880
197 43 2 953 995
197 55 3 1051 1105
197 47 6 1153 1199
197 41 13 1250 1290
197 41 10 1351 1391
197 38 1 1453 1490
198 42 8 40 81
198 25 9 145 169
198 31 11 241 271
198 42 14 340 381
198 38 1 454 491
198 40 13 544 583
198 29 10 653 681
198 39 3 737 775
198 31 4 844 874
198 39 2 949 987
198 35 5 1050 1084
198 40 7 1148 1187
198 31 0 1250 1280
198 38 12 1351 1388
198 42 6 1446 1487
199 31 9 47 77
199 31 14 150 180
199 34 11 245 278
199 28 10 356 383
199 28 0 452 479
199 36 4 545 580
199 31 5 655 685
199 39 6 745 783
199 37 2 851 887
199 44 12 952 995
199 35 8 1041 1075
199 40 7 1137 1176
199 33 1 1242 1274
199 33 13 1340 1372
199 38 3 1442 1479
200 36 4 40 75
200 39 8 147 185
200 39 10 254 292
200 46 14 359 404
200 39 12 461 499
200 28 0 550 577
200 30 9 641 670
200 41 3 741 781
200 41 1 846 886
200 34 2 962 995
200 36 7 1060 1095
200 33 11 1145 1177
200 37 5 1244 1280
200 31 6 1340 1370
200 31 13 1440 1470
213 32 6 59 90
213 27 13 154 180
213 15 2 263 277
213 22 4 355 376
213 23 9 459 481
213 18 11 569 586
213 31 12 659 689
213 16 10 766 781
213 39 7 861 899
213 15 0 960 974
213 21 8 1054 1074
213 33 3 1154 1186
213 16 14 1260 1275
213 26 1 1360 1385
213 23 5 1455 1477
214 14 14 62 75
214 19 10 153 171
214 27 4 249 275
214 22 0 349 370
214 31 13 457 487
214 26 6 556 581
214 35 3 644 678
214 24 7 760 783
214 31 12 855 885
214 21 8 963 983
214 26 5 1052 1077
214 27 2 1156 1182
214 20 11 1270 1289
214 23 9 1369 1391
214 24 1 1461 1484
215 19 9 57 75
215 17 14 171 187
215 29 12 260 288
215 20 8 358 377
215 34 7 454 487
215 34 3 551 584
215 22 11 659 680
215 32 13 751 782
215 20 0 855 874
215 22 10 958 979
215 35 6 1051 1085
215 26 5 1159 1184
215 23 2 1259 1281
215 25 1 1366 1390
215 24 4 1462 1485
216 33 2 83 115
216 19 1 168 186
216 17 10 265 281
216 22 9 354 375
216 27 12 452 478
216 25 13 553 577
216 23 5 654 676
216 29 0 751 779
216 20 11 869 888
216 30 6 953 982
216 20 8 1062 1081
216 16 14 1161 1176
216 26 3 1255 1280
216 23 4 1353 1375
216 28 7 1462 1489
217 28 3 53 80
217 23 2 148 170
217 21 0 242 262
217 31 12 350 380
217 25 4 447 471
217 18 14 553 570
217 29 8 647 675
217 27 13 764 790
217 24 5 855 878
217 34 6 951 984
217 21 9 1059 1079
217 28 1 1158 1185
217 33 7 1258 1290
217 25 11 1357 1381
217 22 10 1460 1481
218 19 9 64 82
218 14 14 155 168
218 32 12 250 281
218 20 4 348 367
218 27 2 467 493
218 31 7 557 587
218 22 0 651 672
218 23 10 750 772
218 31 13 858 888
218 23 11 960 982
218 19 5 1057 1075
218 31 3 1147 1177
218 18 8 1253 1270
218 25 1 1361 1385
218 41 6 1450 1490
219 23 1 63 85
219 33 6 153 185
219 21 2 250 270
219 24 0 343 366
219 22 14 450 471
219 35 7 551 585
219 12 10 665 676
219 29 12 755 783
219 26 13 851 876
219 20 9 951 970
219 28 3 1053 1080
219 21 11 1157 1177
219 20 4 1254 1273
219 23 8 1370 1392
219 25 5 1455 1479
220 31 12 50 80
220 21 11 156 176
220 23 2 250 272
220 23 0 347 369
220 30 8 446 475
220 22 5 550 571
220 33 7 652 684
220 29 3 750 778
220 21 4 850 870
220 35 6 951 985
220 19 14 1057 1075
220 23 9 1155 1177
220 20 1 1256 1275
220 35 13 1351 1385
220 28 10 1457 1484
221 49 7 35 83
221 23 4 151 173
221 19 10 271 289
221 24 11 350 373
221 28 6 456 483
221 29 13 550 578
221 21 1 645 665
221 30 0 743 772
221 21 14 853 873
221 28 8 948 975
221 31 12 1062 1092
221 31 2 1155 1185
221 26 5 1250 1275
221 23 9 1366 1388
221 36 3 1453 1488
222 21 5 46 66
222 31 0 140 170
222 29 12 253 281
222 25 11 349 373
222 26 10 453 478
222 34 1 545 578
222 38 6 653 690
222 43 7 752 794
222 16 8 857 872
222 33 2 948 980
222 24 9 1073 1096
222 33 3 1151 1183
222 30 4 1243 1272
222 31 13 1344 1374
222 23 14 1458 1480
223 27 1 42 68
223 25 4 141 165
223 31 6 250 280
223 17 10 362 378
223 21 9 459 479
223 31 7 560 590
223 21 0 650 670
223 29 13 739 767
223 21 14 853 873
223 22 11 953 974
223 38 3 1042 1079
223 21 5 1145 1165
223 17 8 1248 1264
223 30 12 1357 1386
223 30 2 1453 1482
224 27 14 47 73
224 36 6 145 180
224 22 4 249 270
224 20 11 352 371
224 18 8 447 464
224 34 12 550 583
224 21 0 645 665
224 24 5 742 765
224 35 13 838 872
224 26 1 950 975
224 30 10 1057 1086
224 22 2 1160 1181
224 36 7 1264 1299
224 35 3 1350 1384
224 19 9 1462 1480
225 15 6 34 48
225 31 12 161 191
225 32 10 256 287
225 17 9 380 396
225 16 1 455 470
225 35 13 547 581
225 24 2 673 696
225 35 3 751 785
225 31 5 863 893
225 17 11 956 972
225 46 7 1058 1103
225 23 0 1171 1193
225 33 4 1258 1290
225 41 14 1360 1400
225 38 8 1455 1492
226 32 8 44 75
226 29 3 150 178
226 44 0 257 300
226 41 11 354 394
226 35 14 462 496
226 42 5 550 591
226 21 2 653 673
226 34 9 752 785
226 35 4 856 890
226 31 1 955 985
226 38 6 1050 1087
226 33 12 1154 1186
226 43 7 1258 1300
226 35 13 1370 1404
226 34 10 1466 1499
227 32 12 64 95
227 24 0 147 170
227 23 11 251 273
227 33 5 366 398
227 27 2 365 391
227 21 4 558 578
227 40 6 658 697
227 37 13 771 807
227 20 1 859 878
227 20 9 953 972
227 38 3 1045 1082
227 19 8 1154 1172
227 35 7 1261 1295
227 31 10 1373 1403
227 31 14 1463 1493
228 37 6 51 87
228 14 4 156 169
228 19 0 249 267
228 23 11 347 369
228 34 3 454 487
228 20 1 551 570
228 24 10 651 674
228 25 14 758 782
228 54 7 856 909
228 23 12 965 987
228 15 9 1051 1065
228 19 8 1146 1164
228 38 5 1263 1300
228 31 13 1367 1397
228 31 2 1464 1494
229 20 11 49 68
229 23 5 145 167
229 29 1 248 276
229 41 3 341 381
229 40 7 443 482
229 14 9 548 561
229 38 6 641 678
229 20 4 748 767
229 35 13 840 874
229 24 2 952 975
229 22 10 1048 1069
229 38 12 1150 1187
229 21 8 1245 1265
229 26 14 1350 1375
229 22 0 1455 1476
230 31 13 41 71
230 17 4 145 161
230 28 7 254 281
230 18 5 343 360
230 17 14 442 458
230 20 1 544 563
230 24 11 647 670
230 30 12 754 783
230 20 9 847 866
230 23 10 945 967
230 21 8 1045 1065
230 21 0 1147 1167
230 29 3 1246 1274
230 23 2 1351 1373
230 36 6 1445 1480
231 21 8 41 61
231 21 9 152 172
231 36 3 243 278
231 20 10 348 367
231 30 6 448 477
231 20 5 546 565
231 33 12 656 688
231 19 14 747 765
231 31 13 836 866
231 22 1 948 969
231 26 2 1050 1075
231 20 4 1153 1172
231 35 7 1251 1285
231 20 11 1346 1365
231 27 0 1447 1473
232 15 1 46 60
232 23 8 146 168
232 21 9 245 265
232 18 10 348 365
232 22 11 445 466
232 34 6 544 577
232 20 2 645 664
232 39 3 740 778
232 19 14 846 864
232 26 4 947 972
232 24 5 1049 1072
232 28 7 1154 1181
232 23 0 1244 1266
232 30 12 1361 1390
232 25 13 1444 1468
233 33 13 42 74
233 31 7 146 176
233 38 1 246 283
233 41 4 357 397
233 31 11 456 486
233 30 9 552 581
233 37 10 648 684
233 38 0 748 785
233 39 8 855 893
233 39 6 949 987
233 35 14 1049 1083
233 31 3 1145 1175
233 38 12 1254 1291
233 40 2 1357 1396
233 26 5 1456 1481
234 19 9 44 62
234 35 8 136 170
234 42 14 242 283
234 25 1 351 375
234 31 4 441 471
234 33 13 549 581
234 33 3 646 678
234 37 7 737 773
234 27 11 844 870
234 35 6 939 973
234 42 12 1051 1092
234 39 2 1149 1187
234 35 5 1257 1291
234 36 0 1351 1386
234 41 10 1450 1490
235 20 12 45 64
235 28 14 150 177
235 26 6 250 275
235 25 3 348 372
235 13 0 450 462
235 15 9 576 590
235 25 7 649 673
235 26 13 746 771
235 18 4 845 862
235 15 2 957 971
235 15 10 1059 1073
235 20 5 1142 1161
235 20 11 1246 1265
235 21 1 1344 1364
235 20 8 1448 1467
236 40 7 59 98
236 16 14 142 157
236 30 6 240 269
236 16 8 352 367
236 18 11 446 463
236 13 1 563 575
236 16 10 660 675
236 19 4 759 777
236 20 2 859 878
236 22 9 951 972
236 27 3 1052 1078
236 15 0 1149 1163
236 22 5 1243 1264
236 19 12 1377 1395
236 23 13 1448 1470
237 16 4 45 60
237 14 0 142 155
237 30 3 247 276
237 27 13 344 370
237 19 10 458 476
237 27 11 541 567
237 20 9 639 658
237 20 14 741 760
237 33 1 843 875
237 28 8 942 969
237 34 7 1060 1093
237 33 6 1150 1182
237 27 12 1252 1278
237 26 2 1353 1378
237 22 5 1443 1464
238 29 7 52 80
238 20 12 155 174
238 24 5 245 268
238 25 0 340 364
238 27 2 450 476
238 26 4 549 574
238 27 9 659 685
238 29 1 752 780
238 37 13 849 885
238 29 8 950 978
238 35 10 1049 1083
238 33 3 1146 1178
238 44 6 1245 1288
238 27 14 1345 1371
238 28 11 1447 1474
239 27 8 72 98
239 37 6 149 185
239 46 3 238 283
239 23 0 346 368
239 36 4 442 477
239 28 10 547 574
239 35 5 647 681
239 38 13 741 778
239 39 7 848 886
239 29 14 952 980
239 25 2 1057 1081
239 34 1 1150 1183
239 41 9 1243 1283
239 46 12 1350 1395
239 33 11 1448 1480
240 22 9 49 70
240 26 11 149 174
240 34 5 249 282
240 50 3 343 392
240 36 8 451 486
240 39 10 552 590
240 29 4 657 685
240 37 14 753 789
240 46 7 862 907
240 22 0 960 981
240 50 13 1047 1096
240 36 1 1145 1180
240 52 12 1253 1304
240 33 2 1360 1392
240 45 6 1455 1499
241 37 12 41 77
241 22 14 147 168
241 25 8 251 275
241 25 2 351 375
241 25 11 447 471
241 38 13 541 578
241 46 3 641 686
241 44 0 744 787
241 32 6 851 882
241 23 10 950 972
241 38 7 1055 1092
241 30 1 1151 1180
241 23 5 1251 1273
241 31 4 1351 1381
241 31 9 1454 1484
242 18 4 46 63
242 28 2 148 175
242 34 12 257 290
242 33 7 354 386
242 38 3 443 480
242 29 8 547 575
242 26 14 653 678
242 32 0 745 776
242 29 13 842 870
242 29 9 950 978
242 22 5 1045 1066
242 33 1 1150 1182
242 30 11 1249 1278
242 33 6 1352 1384
242 34 10 1456 1489
259 26 2 66 91
259 25 8 149 173
259 29 0 247 275
259 29 9 370 398
259 34 3 462 495
259 31 6 569 599
259 26 1 668 693
259 35 12 752 786
259 29 4 855 883
259 16 10 961 976
259 25 14 1066 1090
259 37 13 1149 1185
259 25 5 1263 1287
259 36 11 1378 1413
259 38 7 1458 1495
260 24 1 57 80
260 28 14 158 185
260 31 8 249 279
260 22 5 352 373
260 35 2 452 486
260 23 9 573 595
260 40 7 668 707
260 25 0 764 788
260 26 10 871 896
260 40 6 970 1009
260 25 11 1066 1090
260 42 12 1151 1192
260 35 13 1245 1279
260 31 4 1351 1381
260 39 3 1460 1498
261 27 8 58 84
261 39 12 156 194
261 20 9 296 315
261 37 4 371 407
261 39 1 468 506
261 26 14 562 587
261 34 2 658 691
261 36 11 755 790
261 39 7 875 913
261 16 10 989 1004
261 32 13 1072 1103
261 41 3 1167 1207
261 41 6 1280 1320
261 29 5 1366 1394
261 29 0 1467 1495
262 30 10 75 104
262 49 7 162 210
262 36 2 269 304
262 24 9 368 391
262 28 14 464 491
262 48 6 553 600
262 45 3 657 701
262 31 4 762 792
262 23 0 867 889
262 36 5 960 995
262 45 12 1061 1105
262 21 1 1167 1187
262 39 11 1256 1294
262 39 13 1350 1388
262 30 8 1461 1490
263 38 3 48 85
263 18 9 169 186
263 26 0 253 278
263 28 14 360 387
263 27 11 456 482
263 39 12 549 587
263 17 8 667 683
263 26 5 759 784
263 30 2 873 902
263 44 7 974 1017
263 25 10 1087 1111
263 39 13 1158 1196
263 29 4 1268 1296
263 19 1 1372 1390
263 45 6 1455 1499
264 21 1 57 77
264 15 5 154 168
264 33 10 268 300
264 53 3 349 401
264 38 13 451 488
264 27 4 555 581
264 48 12 655 702
264 27 2 779 805
264 33 14 866 898
264 49 7 961 1009
264 53 6 1058 1110
264 25 9 1190 1214
264 35 11 1275 1309
264 27 0 1370 1396
264 34 8 1464 1497
265 29 9 72 100
265 27 10 165 191
265 26 4 258 283
265 25 2 363 387
265 41 12 462 502
265 24 8 566 589
265 39 0 658 696
265 47 1 764 810
265 27 5 874 900
265 33 11 961 993
265 46 7 1057 1102
265 33 14 1158 1190
265 47 3 1256 1302
265 43 13 1348 1390
265 39 6 1461 1499
266 24 4 46 69
266 23 8 158 180
266 41 12 253 293
266 44 6 368 411
266 26 9 471 496
266 28 2 559 586
266 27 0 658 684
266 31 11 763 793
266 41 13 850 890
266 28 5 966 993
266 45 7 1069 1113
266 32 14 1172 1203
266 44 3 1262 1305
266 31 10 1385 1415
266 28 1 1472 1499
267 30 11 70 99
267 41 1 158 198
267 37 5 264 300
267 45 12 363 407
267 27 4 466 492
267 47 8 562 608
267 32 10 690 721
267 30 14 776 805
267 44 3 858 901
267 44 13 941 984
267 48 7 1060 1107
267 40 2 1171 1210
267 33 9 1274 1306
267 55 6 1357 1411
267 31 0 1469 1499
268 40 3 60 99
268 41 7 159 199
268 30 10 271 300
268 40 11 352 391
268 34 8 453 486
268 39 2 555 593
268 32 0 655 686
268 30 4 768 797
268 42 12 862 903
268 41 13 946 986
268 15 1 1058 1072
268 27 9 1150 1176
268 27 5 1242 1268
268 42 6 1342 1383
268 18 14 1454 1471
269 17 1 50 66
269 48 7 162 209
269 23 9 278 300
269 25 10 370 394
269 23 14 459 481
269 47 6 559 605
269 41 12 665 705
269 22 5 758 779
269 45 3 853 897
269 30 4 961 990
269 31 11 1067 1097
269 34 0 1157 1190
269 46 13 1248 1293
269 28 2 1362 1389
269 30 8 1458 1487
270 23 14 58 80
270 41 3 155 195
270 28 9 268 295
270 27 10 359 385
270 31 1 461 491
270 35 5 556 590
270 43 6 668 710
270 31 0 768 798
270 32 2 862 893
270 51 7 951 1001
270 45 12 1067 1111
270 32 8 1159 1190
270 35 4 1253 1287
270 33 11 1357 1389
270 44 13 1446 1489
271 37 3 50 86
271 43 12 155 197
271 29 4 245 273
271 36 1 340 375
271 53 6 446 498
271 32 14 552 583
271 37 11 641 677
271 44 0 746 789
271 42 8 841 882
271 43 9 943 985
271 44 5 1050 1093
271 45 2 1152 1196
271 53 7 1247 1299
271 39 10 1352 1390
271 46 13 1454 1499
272 15 14 34 48
272 37 1 139 175
272 42 2 247 288
272 44 6 357 400
272 32 0 461 492
272 37 11 541 577
272 41 10 646 686
272 45 5 746 790
272 41 9 850 890
272 42 12 964 1005
272 45 7 1055 1099
272 42 8 1150 1191
272 41 4 1246 1286
272 44 13 1351 1394
272 44 3 1456 1499
273 21 0 40 60
273 47 3 164 210
273 24 1 258 281
273 36 10 355 390
273 45 2 450 494
273 42 6 557 598
273 22 8 651 672
273 48 7 734 781
273 42 12 842 883
273 27 11 948 974
273 33 14 1049 1081
273 31 9 1155 1185
273 40 13 1254 1293
273 43 5 1347 1389
273 46 4 1454 1499
274 28 14 40 67
274 51 6 155 205
274 33 8 249 281
274 39 4 339 377
274 67 13 441 507
274 39 5 557 595
274 50 12 650 699
274 58 7 756 813
274 39 10 863 901
274 42 0 952 993
274 41 2 1055 1095
274 50 3 1156 1205
274 39 9 1253 1291
274 65 1 1345 1409
274 48 11 1452 1499
275 29 11 40 68
275 37 9 145 181
275 37 8 244 280
275 54 6 354 407
275 46 4 461 506
275 45 0 558 602
275 55 12 650 704
275 31 5 748 778
275 28 14 847 874
275 64 7 946 1009
275 42 2 1060 1101
275 39 10 1152 1190
275 47 3 1266 1312
275 28 1 1388 1415
275 48 13 1452 1499
276 33 5 41 73
276 53 7 151 203
276 31 10 268 298
276 33 9 347 379
276 35 4 448 482
276 44 0 547 590
276 35 1 650 684
276 40 14 750 789
276 39 2 851 889
276 56 3 951 1006
276 44 11 1053 1096
276 44 8 1146 1189
276 51 6 1246 1296
276 47 13 1352 1398
276 46 12 1447 1492
277 51 3 60 110
277 57 6 150 206
277 35 5 252 286
277 31 9 351 381
277 29 4 444 472
277 46 13 544 589
277 32 1 646 677
277 43 14 746 788
277 38 10 855 892
277 42 0 949 990
277 49 12 1045 1093
277 58 7 1145 1202
277 31 11 1252 1282
277 49 2 1345 1393
277 41 8 1446 1486
278 28 14 45 72
278 50 3 156 205
278 36 11 264 299
278 53 6 360 412
278 31 5 465 495
278 51 12 547 597
278 39 2 652 690
278 58 1 745 802
278 51 8 852 902
278 48 10 955 1002
278 65 7 1051 1115
278 43 4 1163 1205
278 46 9 1258 1303
278 46 13 1351 1396
278 46 0 1454 1499
279 51 7 49 99
279 49 6 147 195
279 32 10 258 289
279 30 9 346 375
279 51 3 453 503
279 36 2 560 595
279 39 5 652 690
279 49 12 752 800
279 51 4 848 898
279 49 1 954 1002
279 43 14 1059 1101
279 26 0 1150 1175
279 37 8 1245 1281
279 36 11 1345 1380
279 50 13 1444 1493
280 23 1 46 68
280 56 6 147 202
280 49 3 254 302
280 45 13 356 400
280 51 4 450 500
280 36 0 560 595
280 49 10 655 703
280 36 14 752 787
280 54 7 854 907
280 50 12 953 1002
280 50 5 1046 1095
280 37 9 1155 1191
280 42 11 1247 1288
280 42 8 1348 1389
280 49 2 1447 1495
281 48 6 42 89
281 51 12 146 196
281 33 8 248 280
281 44 0 351 394
281 31 14 449 479
281 29 11 552 580
281 36 2 645 680
281 48 1 741 788
281 33 4 863 895
281 41 9 958 998
281 33 5 1064 1096
281 47 13 1150 1196
281 51 3 1251 1301
281 36 10 1365 1400
281 48 7 1452 1499
282 23 14 43 65
282 33 5 143 175
282 39 4 242 280
282 41 8 341 381
282 46 1 440 485
282 37 0 553 589
282 40 13 650 689
282 56 7 756 811
282 50 12 860 909
282 54 6 950 1003
282 24 10 1061 1084
282 28 11 1147 1174
282 41 3 1250 1290
282 34 9 1349 1382
282 44 2 1447 1490
283 35 4 46 80
283 58 6 141 198
283 38 12 148 185
283 45 2 348 392
283 49 8 452 500
283 37 9 556 592
283 41 1 655 695
283 64 7 745 808
283 39 0 867 905
283 34 10 963 996
283 41 14 1056 1096
283 39 5 1149 1187
283 40 13 1245 1284
283 43 3 1345 1387
283 46 11 1454 1499
284 58 7 45 102
284 58 6 146 203
284 36 0 259 294
284 40 2 350 389
284 38 8 442 479
284 35 11 544 578
284 35 10 641 675
284 34 13 742 775
284 36 9 845 880
284 34 3 945 978
284 29 12 1048 1076
284 37 14 1141 1177
284 38 1 1241 1278
284 52 4 1336 1387
284 46 5 1445 1490
285 25 9 52 76
285 18 12 153 170
285 37 1 248 284
285 40 3 354 393
285 44 2 465 508
285 36 13 561 596
285 44 14 661 704
285 38 10 757 794
285 30 8 857 886
285 35 5 951 985
285 53 7 1049 1101
285 34 6 1161 1194
285 30 4 1257 1286
285 22 0 1358 1379
285 24 11 1453 1476
286 37 13 53 89
286 34 11 148 181
286 32 8 243 274
286 38 1 348 385
286 43 4 443 485
286 42 14 546 587
286 41 2 650 690
286 57 7 750 806
286 36 10 861 896
286 34 5 957 990
286 43 9 1043 1085
286 23 12 1140 1162
286 56 7 1237 1292
286 49 3 1353 1401
286 38 0 1462 1499
287 25 4 42 66
287 40 3 148 187
287 36 0 253 288
287 58 6 341 398
287 27 12 449 475
287 31 1 555 585
287 31 9 660 690
287 23 8 773 795
287 41 2 862 902
287 27 5 963 989
287 31 10 1050 1080
287 36 11 1147 1182
287 22 14 1256 1277
287 37 13 1345 1381
287 50 7 1446 1495
288 26 8 50 75
288 41 0 141 181
288 48 3 243 290
288 36 2 352 387
288 34 12 455 488
288 46 10 544 589
288 43 14 648 690
288 56 6 746 801
288 38 5 858 895
288 42 11 948 989
288 42 4 1050 1091
288 43 9 1158 1200
288 49 13 1256 1304
288 44 1 1368 1411
288 35 7 1465 1499
289 33 3 66 98
289 20 8 155 174
289 30 7 252 281
289 19 10 349 367
289 21 14 446 466
289 19 0 549 567
289 24 4 645 668
289 20 11 743 762
289 18 9 845 862
289 32 13 942 973
289 16 1 1043 1058
289 33 12 1151 1183
289 28 6 1245 1272
289 16 5 1345 1360
289 28 2 1449 1476
290 17 11 48 64
290 34 6 154 187
290 16 9 252 267
290 31 7 346 376
290 15 8 449 463
290 39 12 547 585
290 22 4 646 667
290 18 0 748 765
290 19 1 847 865
290 20 10 949 968
290 25 2 1049 1073
290 31 13 1141 1171
290 18 5 1251 1268
290 32 3 1350 1381
290 21 14 1451 1471
291 14 1 47 60
291 20 11 143 162
291 22 0 243 264
291 30 13 342 371
291 23 14 451 473
291 26 4 548 573
291 36 3 645 680
291 20 9 751 770
291 36 7 848 883
291 35 6 948 982
291 24 2 1051 1074
291 23 5 1150 1172
291 20 8 1252 1271
291 19 10 1353 1371
291 34 12 1457 1490
292 20 9 56 75
292 17 2 147 163
292 16 0 275 290
292 20 8 344 363
292 32 7 446 477
292 19 1 545 563
292 34 12 649 682
292 19 10 750 768
292 21 11 845 865
292 38 3 947 984
292 34 6 1051 1084
292 19 4 1150 1168
292 33 13 1249 1281
292 21 5 1348 1368
292 21 14 1448 1468
293 22 4 50 71
293 32 7 149 180
293 32 2 249 280
293 19 0 351 369
293 22 11 444 465
293 32 6 547 578
293 31 13 649 679
293 18 10 758 775
293 14 1 848 861
293 20 14 949 968
293 20 9 1048 1067
293 36 3 1145 1180
293 19 8 1252 1270
293 18 5 1351 1368
293 37 12 1452 1488
294 19 2 55 73
294 14 9 157 170
294 14 0 252 265
294 33 12 351 383
294 19 1 448 466
294 21 8 548 568
294 25 4 648 672
294 35 13 748 782
294 35 7 852 886
294 35 3 944 978
294 15 10 1053 1067
294 37 6 1148 1184
294 20 5 1249 1268
294 24 11 1349 1372
294 20 14 1447 1466
295 16 5 53 68
295 19 10 147 165
295 36 12 253 288
295 12 11 353 364
295 38 13 440 477
295 18 14 551 568
295 36 3 642 677
295 35 6 738 772
295 23 0 846 868
295 24 2 951 974
295 28 8 1050 1077
295 24 1 1155 1178
295 30 4 1251 1280
295 21 9 1348 1368
295 34 7 1450 1483
296 19 9 58 76
296 18 1 146 163
296 21 14 250 270
296 23 5 343 365
296 34 6 442 475
296 20 10 547 566
296 34 2 645 678
296 24 8 743 766
296 23 4 883 905
296 15 5 960 974
296 31 3 1041 1071
296 31 13 1141 1171
296 31 7 1245 1275
296 37 12 1351 1387
296 18 11 1445 1462
297 51 1 47 97
297 43 13 153 195
297 38 10 264 301
297 33 2 365 397
297 29 5 464 492
297 37 11 569 605
297 51 3 659 709
297 31 12 781 811
297 39 6 863 901
297 44 14 960 1003
297 29 4 1058 1086
297 43 7 1155 1197
297 36 0 1255 1290
297 41 9 1363 1403
297 31 8 1461 1491
298 44 12 54 97
298 34 5 149 182
298 35 11 248 282
298 30 0 343 372
298 35 2 455 489
298 28 8 547 574
298 40 3 645 684
298 34 4 745 778
298 43 7 855 897
298 39 13 955 993
298 47 6 1046 1092
298 35 9 1153 1187
298 32 14 1253 1284
298 34 10 1374 1407
298 39 1 1459 1497
299 50 10 58 107
299 46 13 162 207
299 40 8 262 301
299 41 2 365 405
299 41 0 456 496
299 42 3 561 602
299 35 1 666 700
299 34 11 770 803
299 41 5 858 898
299 35 14 961 995
299 35 6 1075 1109
299 40 12 1163 1202
299 31 9 1260 1290
299 41 4 1350 1390
299 36 7 1459 1494
300 28 8 64 91
300 39 2 162 200
300 41 7 268 308
300 35 13 365 399
300 39 5 456 494
300 47 3 552 598
300 41 12 665 705
300 38 4 755 792
300 42 0 853 894
300 40 1 954 993
300 54 6 1058 1111
300 41 11 1168 1208
300 31 14 1265 1295
300 37 9 1364 1400
300 38 10 1461 1498
313 53 8 50 102
313 55 1 160 214
313 43 3 250 292
313 42 6 337 378
313 36 10 458 493
313 43 2 554 596
313 41 9 652 692
313 42 14 744 785
313 42 4 846 887
313 62 7 937 998
313 51 11 1050 1100
313 42 13 1137 1178
313 34 12 1245 1278
313 30 0 1344 1373
313 41 5 1441 1481
314 47 13 38 84
314 31 4 141 171
314 29 9 252 280
314 43 3 342 384
314 33 1 450 482
314 35 0 549 583
314 42 8 649 690
314 39 11 751 789
314 49 2 849 897
314 48 6 946 993
314 46 7 1045 1090
314 45 10 1150 1194
314 35 12 1261 1295
314 45 5 1343 1387
314 24 14 1465 1488
315 21 5 58 78
315 61 7 137 197
315 31 9 252 282
315 30 14 349 378
315 47 3 437 483
315 29 11 545 573
315 47 6 636 682
315 37 2 747 783
315 28 10 867 894
315 31 0 967 997
315 26 12 1065 1090
315 33 1 1148 1180
315 40 8 1243 1282
315 57 13 1338 1394
315 40 4 1446 1485
316 37 2 50 86
316 38 8 143 180
316 40 0 245 284
316 39 1 345 383
316 31 12 458 488
316 41 13 530 570
316 41 3 638 678
316 37 5 740 776
316 43 6 844 886
316 29 10 947 975
316 47 4 1046 1092
316 31 9 1153 1183
316 40 11 1250 1289
316 55 7 1342 1396
316 37 14 1449 1485
317 46 3 39 84
317 44 13 159 202
317 37 12 250 286
317 49 7 341 389
317 41 14 443 483
317 40 5 543 582
317 44 6 645 688
317 42 4 747 788
317 24 2 869 892
317 34 0 960 993
317 34 8 1080 1113
317 26 9 1185 1210
317 39 1 1260 1298
317 38 10 1356 1393
317 31 11 1448 1478
318 27 11 49 75
318 39 13 137 175
318 38 5 246 283
318 43 3 345 387
318 40 8 448 487
318 36 0 547 582
318 52 1 650 701
318 41 7 754 794
318 34 14 839 872
318 39 4 944 982
318 36 2 1045 1080
318 45 12 1141 1185
318 33 10 1248 1280
318 30 9 1348 1377
318 45 6 1442 1486
319 41 3 40 80
319 29 13 155 183
319 32 14 246 277
319 27 5 346 372
319 33 11 451 483
319 39 2 550 588
319 42 7 650 691
319 26 9 762 787
319 39 12 856 894
319 34 0 948 981
319 46 6 1045 1090
319 35 1 1152 1186
319 35 10 1258 1292
319 41 4 1351 1391
319 42 8 1455 1496
320 46 3 50 95
320 35 1 146 180
320 33 10 246 278
320 45 7 347 391
320 20 5 443 462
320 46 6 544 589
320 29 2 646 674
320 31 8 746 776
320 37 4 846 882
320 26 11 950 975
320 26 9 1050 1075
320 31 0 1150 1180
320 41 12 1244 1284
320 43 13 1335 1377
320 32 14 1446 1477
321 41 6 44 84
321 26 4 143 168
321 31 1 245 275
321 29 11 351 379
321 30 5 447 476
321 29 14 547 575
321 47 7 639 685
321 27 0 743 769
321 37 8 844 880
321 39 12 947 985
321 29 2 1048 1076
321 30 10 1148 1177
321 38 9 1244 1281
321 41 3 1340 1380
321 29 13 1442 1470
322 52 6 45 96
322 49 12 138 186
322 26 2 248 273
322 28 4 344 371
322 41 8 450 490
322 33 0 550 582
322 34 11 647 680
322 32 5 746 777
322 39 10 846 884
322 33 1 950 982
322 36 14 1048 1083
322 32 9 1140 1171
322 50 7 1238 1287
322 31 3 1340 1370
322 27 13 1440 1466
323 25 10 48 72
323 19 0 147 165
323 39 1 246 284
323 26 11 350 375
323 32 12 454 485
323 32 13 560 591
323 39 14 655 693
323 20 2 759 778
323 41 6 846 886
323 16 8 950 965
323 36 4 1046 1081
323 35 9 1154 1188
323 46 7 1264 1309
323 35 5 1362 1396
323 36 3 1451 1486
324 15 8 45 59
324 33 5 149 181
324 30 10 251 280
324 30 11 349 378
324 32 14 450 481
324 35 7 550 584
324 30 2 659 688
324 30 1 754 783
324 37 6 853 889
324 26 12 955 980
324 17 0 1047 1063
324 27 13 1154 1180
324 30 9 1260 1289
324 34 3 1364 1397
324 21 4 1450 1470
20 43 2 51 93
20 43 14 156 198
20 34 8 270 303
20 34 10 365 398
20 41 11 465 505
20 55 6 562 616
20 33 0 660 692
20 44 3 756 799
20 37 13 872 908
20 41 1 962 1002
20 53 12 1063 1115
20 58 7 1159 1216
20 31 4 1275 1305
20 34 5 1370 1403
20 28 9 1472 1499
19 35 5 48 82
19 35 14 151 185
19 27 11 254 280
19 26 2 365 390
19 27 8 462 488
19 28 9 557 584
19 36 4 662 697
19 21 0 760 780
19 48 6 853 900
19 45 3 956 1000
19 64 7 1051 1114
19 50 12 1172 1221
19 29 10 1273 1301
19 23 1 1356 1378
19 46 13 1448 1493
35 38 11 48 85
35 48 7 155 202
35 38 4 267 304
35 56 13 359 414
35 45 1 466 510
35 43 12 569 611
35 36 5 658 693
35 37 9 777 813
35 38 14 870 907
35 47 3 961 1007
35 46 2 1065 1110
35 53 6 1166 1218
35 29 10 1283 1311
35 41 8 1375 1415
35 26 0 1474 1499
36 38 2 63 100
36 31 1 157 187
36 36 9 259 294
36 40 13 346 385
36 25 4 453 477
36 35 11 550 584
36 37 0 655 691
36 37 5 752 788
36 56 6 866 921
36 52 7 978 1029
36 20 8 1090 1109
36 36 12 1169 1204
36 40 3 1276 1315
36 28 10 1381 1408
36 32 14 1465 1496
37 46 0 46 91
37 28 11 153 180
37 35 1 263 297
37 34 2 361 394
37 47 3 464 510
37 50 6 566 615
37 35 8 672 706
37 31 4 762 792
37 46 12 868 913
37 33 13 966 998
37 41 9 1068 1108
37 35 5 1165 1199
37 33 10 1251 1283
37 22 14 1352 1373
37 46 7 1454 1499
38 37 5 45 81
38 47 12 165 211
38 50 7 262 311
38 32 10 380 411
38 28 0 467 494
38 33 9 558 590
38 34 11 655 688
38 43 1 756 798
38 49 6 868 916
38 44 3 970 1013
38 37 2 1061 1097
38 34 14 1157 1190
38 47 13 1250 1296
38 38 4 1370 1407
38 37 8 1463 1499
39 29 2 58 86
39 26 10 155 180
39 40 13 245 284
39 34 14 352 385
39 44 12 457 500
39 45 3 551 595
39 44 7 664 707
39 32 0 769 800
39 20 8 866 885
39 33 1 948 980
39 41 6 1062 1102
39 35 11 1166 1200
39 36 5 1266 1301
39 34 9 1380 1413
39 22 4 1478 1499
40 38 0 45 82
40 41 10 165 205
40 18 8 276 293
40 51 7 358 408
40 35 4 467 501
40 34 5 560 593
40 45 3 656 700
40 47 6 760 806
40 31 1 865 895
40 33 11 957 989
40 39 2 1054 1092
40 30 13 1151 1180
40 35 9 1263 1297
40 34 14 1359 1392
40 38 12 1462 1499
209 41 10 65 105
209 49 12 155 203
209 31 5 252 282
209 34 1 347 380
209 39 14 447 485
209 43 2 559 601
209 54 6 657 710
209 40 13 756 795
209 35 8 850 884
209 49 3 951 999
209 41 11 1065 1105
209 33 0 1164 1196
209 64 7 1259 1322
209 26 4 1371 1396
209 16 9 1473 1488
210 37 13 54 90
210 25 9 156 180
210 21 11 251 271
210 32 10 344 375
210 19 4 456 474
210 31 14 544 574
210 43 7 665 707
210 47 3 765 811
210 24 8 872 895
210 49 12 961 1009
210 24 5 1065 1088
210 53 6 1154 1206
210 30 2 1266 1295
210 30 1 1357 1386
210 26 0 1458 1483
211 39 12 55 93
211 36 13 157 192
211 36 11 255 290
211 31 1 359 389
211 34 4 449 482
211 25 5 549 573
211 21 2 653 673
211 39 10 762 800
211 47 6 863 909
211 46 3 963 1008
211 30 8 1068 1097
211 30 0 1070 1099
211 55 7 1260 1314
211 37 14 1370 1406
211 20 9 1480 1499
212 46 12 47 92
212 21 11 157 177
212 29 5 244 272
212 39 3 350 388
212 34 4 452 485
212 31 0 560 590
212 29 1 655 683
212 31 10 763 793
212 29 14 855 883
212 45 7 961 1005
212 25 8 1065 1089
212 30 9 1174 1203
212 44 6 1267 1310
212 16 2 1372 1387
212 39 13 1459 1497
21 42 5 55 96
21 65 2 149 213
21 31 6 255 285
21 37 1 353 389
21 35 3 448 482
21 29 12 544 572
21 33 13 637 669
21 44 4 745 788
21 38 7 852 889
21 33 11 947 979
21 45 8 1049 1093
21 40 10 1160 1199
21 54 9 1246 1299
21 53 0 1356 1408
21 48 14 1452 1499
22 35 7 59 93
22 37 8 157 193
22 34 6 254 287
22 27 13 335 361
22 34 12 444 477
22 28 1 551 578
22 51 9 655 705
22 58 11 752 809
22 29 0 849 877
22 51 4 945 995
22 63 10 1043 1105
22 35 3 1156 1190
22 33 5 1243 1275
22 70 14 1341 1410
22 37 2 1448 1484
69 57 4 53 109
69 44 9 163 206
69 57 14 256 312
69 56 0 353 408
69 37 3 476 512
69 37 13 555 591
69 51 5 655 705
69 53 2 761 813
69 49 1 862 910
69 50 10 962 1011
69 38 6 1061 1098
69 64 8 1148 1211
69 47 7 1262 1308
69 42 12 1359 1400
69 41 11 1459 1499
70 38 4 54 91
70 47 14 152 198
70 28 11 256 283
70 36 8 347 382
70 42 12 444 485
70 37 1 550 586
70 60 2 655 714
70 32 6 751 782
70 35 0 845 879
70 35 3 964 998
70 56 10 1055 1110
70 61 9 1154 1214
70 39 7 1261 1299
70 36 13 1343 1378
70 54 5 1446 1499
79 34 4 43 76
79 22 13 168 189
79 30 3 268 297
79 27 9 365 391
79 36 12 450 485
79 38 10 554 591
79 50 0 645 694
79 53 11 756 808
79 54 14 854 907
79 25 7 956 980
79 28 6 1042 1069
79 32 8 1147 1178
79 60 1 1246 1305
79 57 5 1353 1409
79 41 2 1459 1499
80 61 4 46 106
80 69 14 147 215
80 44 9 257 300
80 36 12 352 387
80 26 6 449 474
80 52 8 546 597
80 29 3 654 682
80 45 11 746 790
80 52 5 847 898
80 48 2 961 1008
80 43 1 1067 1109
80 33 7 1153 1185
80 58 10 1250 1307
80 30 13 1359 1388
80 40 0 1460 1499
81 32 12 49 80
81 29 3 149 177
81 30 9 253 282
81 45 8 350 394
81 55 4 445 499
81 58 14 549 606
81 31 7 652 682
81 43 0 744 786
81 52 11 848 899
81 59 1 950 1008
81 35 13 1044 1078
81 23 2 1156 1178
81 40 10 1256 1295
81 30 6 1355 1384
81 40 5 1444 1483
82 34 0 51 84
82 43 11 145 187
82 28 9 250 277
82 41 2 350 390
82 60 10 450 509
82 38 7 556 593
82 31 12 643 673
82 60 14 743 802
82 35 3 850 884
82 33 13 938 970
82 36 6 1038 1073
82 45 8 1145 1189
82 61 5 1243 1303
82 64 1 1350 1413
82 40 4 1460 1499
248 53 11 58 110
248 38 9 153 190
248 41 7 235 275
248 31 14 348 378
248 30 13 450 479
248 26 10 553 578
248 40 1 648 687
248 54 2 754 807
248 40 12 854 893
248 26 4 943 968
248 46 6 1050 1095
248 61 8 1150 1210
248 57 5 1254 1310
248 59 0 1353 1411
248 36 3 1464 1499
249 34 12 53 86
249 31 0 151 181
249 34 13 240 273
249 40 4 346 385
249 36 6 451 486
249 36 8 548 583
249 37 14 644 680
249 31 5 740 770
249 37 1 848 884
249 38 11 961 998
249 37 2 1063 1099
249 34 3 1156 1189
249 45 10 1251 1295
249 41 9 1351 1391
249 37 7 1454 1490
250 29 13 45 73
250 28 3 162 189
250 36 5 245 280
250 34 2 353 386
250 33 9 463 495
250 42 4 550 591
250 35 6 650 684
250 28 1 752 779
250 39 7 845 883
250 39 0 950 988
250 29 10 1067 1095
250 37 14 1147 1183
250 32 8 1252 1283
250 30 12 1347 1376
250 38 11 1454 1491
251 30 13 47 76
251 31 6 155 185
251 25 4 249 273
251 32 9 363 394
251 30 12 451 480
251 33 11 556 588
251 36 1 664 699
251 41 0 766 806
251 32 8 871 902
251 31 7 967 997
251 32 3 1055 1086
251 45 5 1155 1199
251 32 10 1272 1303
251 39 2 1362 1400
251 40 14 1460 1499
301 28 4 48 75
301 25 5 160 184
301 26 8 258 283
301 30 7 364 393
301 40 6 446 485
301 20 10 603 622
301 14 9 691 704
301 35 3 770 804
301 27 12 853 879
301 41 2 977 1017
301 30 0 1073 1102
301 31 1 1172 1202
301 28 13 1263 1290
301 37 11 1360 1396
301 28 14 1472 1499
302 23 11 52 74
302 28 6 168 195
302 39 9 275 313
302 28 8 363 390
302 16 0 459 474
302 22 5 554 575
302 31 12 662 692
302 26 2 775 800
302 24 14 868 891
302 35 3 989 1023
302 20 4 1075 1094
302 34 7 1168 1201
302 31 13 1265 1295
302 30 1 1361 1390
302 26 10 1474 1499
303 22 0 47 68
303 31 11 158 188
303 19 2 268 286
303 15 4 357 371
303 24 12 449 472
303 35 6 555 589
303 36 13 645 680
303 35 7 756 790
303 30 8 847 876
303 12 9 1003 1014
303 19 5 1056 1074
303 26 10 1144 1169
303 44 3 1275 1318
303 32 14 1371 1402
303 23 1 1477 1499
304 18 1 53 70
304 29 13 158 186
304 27 5 249 275
304 31 9 352 382
304 26 0 445 470
304 35 2 554 588
304 35 3 654 688
304 28 11 747 774
304 28 7 888 915
304 32 6 959 990
304 31 10 1065 1095
304 20 14 1182 1201
304 35 4 1258 1292
304 27 8 1350 1376
304 27 12 1443 1469
305 35 9 69 103
305 41 7 159 199
305 31 2 264 294
305 31 14 354 384
305 41 3 454 494
305 23 0 550 572
305 37 1 653 689
305 26 5 756 781
305 40 10 847 886
305 33 12 943 975
305 27 4 1039 1065
305 19 8 1143 1161
305 28 11 1244 1271
305 44 6 1340 1383
305 37 13 1451 1487
306 35 7 51 85
306 26 10 145 170
306 27 5 240 266
306 21 14 350 370
306 33 13 441 473
306 22 8 550 571
306 37 6 643 679
306 28 1 744 771
306 31 11 848 878
306 15 0 946 960
306 37 12 1041 1077
306 35 9 1151 1185
306 34 4 1247 1280
306 34 2 1370 1403
306 39 3 1455 1493
307 31 13 44 74
307 15 0 141 155
307 23 5 241 263
307 27 2 352 378
307 41 6 443 483
307 36 7 548 583
307 27 10 651 677
307 27 12 744 770
307 23 11 847 869
307 30 1 955 984
307 31 14 1065 1095
307 35 3 1152 1186
307 40 8 1247 1286
307 13 9 1363 1375
307 38 4 1445 1482
308 26 4 40 65
308 20 9 159 178
308 35 6 251 285
308 30 12 349 378
308 24 11 453 476
308 33 1 549 581
308 25 8 664 688
308 29 14 753 781
308 29 13 855 883
308 49 7 941 989
308 26 10 1060 1085
308 37 3 1150 1186
308 33 5 1246 1278
308 18 0 1354 1371
308 31 2 1465 1495
309 38 6 50 87
309 26 5 146 171
309 26 8 249 274
309 19 14 367 385
309 29 1 463 491
309 31 11 552 582
309 39 7 648 686
309 33 13 745 777
309 17 2 869 885
309 25 12 958 982
309 37 3 1061 1097
309 26 0 1146 1171
309 17 10 1292 1308
309 22 9 1361 1382
309 30 4 1462 1491
310 26 10 54 79
310 18 14 163 180
310 39 6 256 294
310 26 9 361 386
310 33 8 452 484
310 45 7 550 594
310 31 0 650 680
310 32 1 754 785
310 33 11 861 893
310 34 2 977 1010
310 37 4 1072 1108
310 28 5 1164 1191
310 36 13 1252 1287
310 31 12 1348 1378
310 43 3 1451 1493
311 28 11 57 84
311 28 10 148 175
311 26 5 247 272
311 28 1 360 387
311 37 13 446 482
311 31 4 551 581
311 29 8 661 689
311 33 0 753 785
311 30 2 867 896
311 28 12 963 990
311 40 6 1078 1117
311 34 7 1163 1196
311 34 3 1250 1283
311 23 14 1366 1388
311 23 9 1476 1498
312 37 7 52 88
312 35 3 144 178
312 27 12 242 268
312 30 10 349 378
312 39 4 445 483
312 29 8 547 575
312 39 6 645 683
312 21 0 749 769
312 23 5 850 872
312 29 13 960 988
312 29 9 1058 1086
312 34 14 1154 1187
312 31 11 1249 1279
312 29 1 1358 1386
312 32 2 1468 1499